40.8202 	48.3760 	16.5 
40.8657 	48.3646 	10.1 
40.8363 	48.4657 	13.1 
38.3060 	45.2830 	10.0 
39.3110 	46.0600 	10.0 
38.3180 	48.2780 	10.0 
40.8588 	48.3914 	14.7 
39.1350 	46.1820 	10.0 
39.1440 	46.1470 	10.0 
38.2290 	47.6900 	11.0 
38.3610 	45.5300 	12.0 
38.2350 	47.7090 	6.7 
41.5612 	48.6236 	10.0 
41.9235 	49.1736 	44.7 
38.5754 	48.6976 	33.3 
38.4300 	47.2600 	8.2 
39.2820 	46.2390 	16.6 
40.2649 	45.8165 	8.5 
38.3890 	45.6680 	8.0 
38.4388 	45.3852 	10.7 
40.3162 	45.8299 	10.0 
40.8140 	48.3593 	7.6 
39.1630 	46.1780 	10.0 
41.9451 	49.2865 	16.6 
40.4002 	48.6610 	5.1 
41.3014 	45.7661 	30.8 
39.1160 	46.1550 	14.0 
40.8594 	48.3877 	10.0 
38.4030 	46.7940 	10.9 
41.3332 	48.8909 	49.5 
38.4370 	45.0210 	8.0 
38.5100 	48.5320 	10.0 
38.2080 	46.0410 	10.2 
38.2370 	46.0300 	8.3 
38.2340 	46.0350 	8.4 
38.2260 	46.0380 	9.4 
38.2150 	46.0230 	7.3 
41.5274 	49.7068 	13.8 
38.4483 	47.0583 	16.6 
40.8895 	48.3297 	8.7 
39.2390 	46.1530 	10.0 
39.4250 	45.6390 	10.0 
38.3600 	45.4790 	9.7 
38.3592 	45.4832 	10.2 
38.3500 	46.9340 	13.2 
33.6726 	45.7681 	19.6 
40.2155 	49.2144 	24.7 
38.0390 	48.0870 	10.0 
39.1670 	46.1500 	10.0 
39.7151 	48.2480 	35.9 
38.8793 	48.7208 	44.0 
38.3025 	46.7350 	10.0  
38.3960 	46.7810 	10.0 
38.7470 	48.6130 	11.0 
40.0969 	46.2919 	10.0 
41.8665 	46.0582 	17.5 
39.1220 	46.1370 	10.0 
39.1330 	46.1620 	10.0 
41.9569 	49.3498 	22.2 
38.0140 	48.0320 	10.0 
41.3591 	49.1998 	41.2 
41.4500 	46.8441 	5.2 
39.1290 	46.1448 	11.3 
37.8770 	47.0250 	15.8 
38.0940 	47.9660 	13.7 
41.8759 	45.8619 	1.6 
41.8711 	46.6446 	14.4 
39.1570 	46.1430 	10.0 
38.2290 	45.6570 	9.6 
38.2660 	45.6690 	9.0 
38.8291 	48.5193 	16.4 
39.1410 	46.1450 	10.0 
41.6418 	48.3168 	52.6 
38.3464 	47.4235 	10.0 
38.3175 	47.3975 	1.6 
41.5639 	46.3167 	11.8 
39.1219 	48.6155 	33.5 
41.0788 	48.2288 	8.6 
41.7261 	45.1499 	15.9 
41.5949 	48.2934 	23.9 
40.2973 	48.6219 	20.5 
38.0050 	48.9590 	10.0 
40.4524 	48.6734 	7.1 
38.8154 	48.6189 	15.0 
39.8275 	45.1058 	8.9 
41.1035 	47.2387 	24.7 
38.8832 	48.5216 	16.0 
42.0767 	45.7650 	13.2 
40.5999 	46.7373 	16.1 
38.9210 	47.1450 	10.0 
42.0180 	45.8160 	16.3 
41.3203 	48.3914 	42.7 
41.7347 	45.2395 	39.7 
41.9555 	45.8163 	16.3 
38.3200 	47.7700 	18.6 
38.1570 	47.0140 	10.0 
40.8769 	48.3544 	6.7 
41.8695 	46.3458 	22.8 
39.9983 	46.5407 	10.1 
39.1230 	46.1450 	18.0 
39.1160 	46.5420 	11.0 
38.6922 	49.4413 	17.4 
38.7412 	49.5802 	4.2 
38.8210 	49.3800 	19.4 
39.4194 	47.8482 	14.0 
38.3820 	45.6250 	9.7 
38.3800 	45.6880 	6.0 
41.8710 	46.7056 	31.5 
38.3130 	45.7860 	6.0 
41.2808 	46.1382 	25.2 
39.4480 	45.9850 	9.0 
38.2710 	45.8440 	4.0 
38.1410 	48.0190 	6.0 
42.0246 	49.5489 	17.4 
40.8440 	48.7200 	5.9 
40.8429 	48.7173 	6.0 
42.0037 	45.8196 	17.8 
40.8683 	48.6968 	9.7 
41.2796 	49.4634 	20.7 
38.7740 	45.0170 	10.0 
38.6460 	48.4840 	20.0 
40.2172 	47.1327 	25.1 
38.4492 	49.5273 	32.5 
38.3794 	46.7451 	5.5 
41.8992 	46.6510 	14.6 
39.0857 	48.7534 	15.3 
38.1140 	47.9880 	10.0 
40.9226 	48.4976 	5.0 
41.0961 	48.2119 	39.0 
40.7089 	48.5855 	13.7 
40.4603 	48.7164 	6.8 
40.4409 	48.6653 	5.8 
39.3194 	49.1288 	5.7 
38.6780 	48.4860 	10.0 
39.1410 	46.1600 	10.0 
41.8717 	49.0132 	60.2 
41.3405 	48.7836 	9.7 
38.7077 	46.6728 	33.8 
39.1820 	46.1710 	10.0 
40.6337 	48.4844 	6.6 
38.4360 	48.4930 	10.0 
39.9285 	48.1580 	43.0 
41.9414 	48.7045 	49.4 
38.2420 	45.4860 	8.0 
39.1600 	46.1510 	10.0 
40.8180 	48.5700 	8.6 
41.4387 	45.9032 	17.3 
40.1786 	46.1839 	10.0 
38.5903 	49.0623 	29.9 
39.3338 	48.3392 	30.4 
40.2017 	46.1625 	21.8 
40.8884 	48.1701 	17.7 
38.5390 	48.5030 	27.2 
38.3820 	46.9280 	7.8 
41.5621 	46.3584 	28.1 
41.1173 	47.4032 	8.4 
40.8505 	46.3424 	22.5 
41.2906 	49.8587 	60.0 
38.4067 	45.3180 	1.3 
38.7380 	46.6990 	10.0 
41.0598 	49.0212 	9.9 
38.2870 	45.7680 	8.0 
40.0668 	46.6441 	11.6 
40.7667 	46.8167 	10.0 
40.8152 	46.8290 	15.7 
39.1600 	46.5720 	12.0 
39.1530 	46.1510 	10.0 
40.6973 	48.5823 	11.0 
38.7443 	48.6583 	32.4 
40.4354 	48.6827 	8.0 
38.6720 	46.0140 	12.5 
38.6300 	45.9930 	10.0 
39.1322 	49.3915 	56.6 
41.7332 	47.7554 	19.3 
40.1746 	47.1325 	22.8 
39.3364 	48.7073 	43.4 
40.5089 	46.5598 	15.9 
38.2150 	46.6900 	8.3 
40.6533 	50.3300 	62.2 
38.2880 	45.6850 	8.0 
38.1737 	46.4881 	12.3 
38.1210 	46.4480 	10.0 
39.0970 	46.1650 	10.0 
41.7979 	46.2321 	17.1 
38.4540 	45.3958 	7.3 
39.1420 	46.1610 	17.5 
38.0160 	48.0570 	10.0 
38.4810 	44.9910 	8.2 
38.1370 	48.0120 	18.1 
38.3669 	45.3966 	5.1 
39.1027 	46.1342 	15.9 
38.3410 	45.2450 	10.0 
39.1480 	46.1660 	10.0 
39.1700 	46.1690 	10.0 
41.1848 	48.7771 	25.3 
41.8510 	46.6778 	38.8 
38.1540 	49.2960 	26.3 
40.8777 	47.4188 	15.9 
41.1590 	47.9868 	40.8 
38.4046 	46.7786 	15.0 
40.3734 	48.7488 	5.0 
40.3648 	48.7772 	4.2 
39.0630 	46.1800 	10.0 
38.5520 	48.6430 	30.0 
38.4282 	46.8880 	5.6 
40.4594 	48.2603 	44.8 
40.2309 	46.5981 	11.8 
39.0990 	46.1480 	10.0 
38.4230 	46.6590 	7.5 
38.4010 	46.7820 	12.5 
39.8318 	48.5931 	55.0 
41.0783 	48.0247 	39.4 
38.4827 	45.4605 	1.2 
40.6123 	48.4370 	40.2 
38.3780 	45.3570 	10.0 
41.1678 	46.4032 	33.6 
38.3720 	45.4200 	19.5 
38.6180 	48.4240 	10.0 
41.4292 	47.9456 	18.2 
38.9067 	48.6378 	10.3 
41.1597 	47.0118 	15.6 
40.7730 	47.0850 	24.0 
39.9779 	48.2730 	54.6 
38.4280 	46.7730 	13.7 
41.1075 	47.5341 	23.4 
38.1370 	46.3380 	9.4 
38.9813 	48.9020 	12.2 
38.4516 	45.0438 	10.0 
40.9739 	46.1502 	10.0 
41.0121 	49.6388 	62.0 
39.6026 	48.4724 	58.9 
40.1847 	47.1201 	27.2 
41.2172 	47.2373 	18.9 
38.4078 	45.2741 	3.5 
39.2360 	46.1710 	10.0 
41.6517 	46.2400 	20.0 
38.6347 	44.8532 	17.9 
41.5857 	46.5927 	10.0 
41.6203 	46.4996 	10.0 
38.3420 	45.2810 	11.0 
39.1960 	46.2020 	10.0 
41.9017 	49.5805 	0.1 
41.2764 	45.6820 	9.9 
38.8878 	48.5309 	15.8 
39.6450 	49.0168 	52.2 
39.8615 	48.3267 	24.3 
39.1596 	48.2105 	26.6 
41.4806 	49.8559 	35.1 
39.1922 	46.1577 	5.0 
41.8006 	48.4945 	19.2 
38.4142 	45.2759 	0.8 
41.7041 	46.5488 	9.2 
38.3630 	45.2000 	8.2 
39.8953 	45.8352 	9.7 
39.1540 	46.1930 	10.0 
40.8277 	46.3825 	17.3 
38.8082 	48.5577 	26.6 
39.1110 	45.3870 	9.4 
42.1509 	45.6142 	12.9 
38.2330 	47.9340 	10.0 
38.9670 	45.4350 	18.0 
41.4933 	46.5218 	25.0 
39.0970 	45.5070 	10.0 
38.3830 	45.4220 	10.0 
38.3840 	45.6200 	10.0 
42.0433 	49.0984 	6.4 
39.2070 	46.2010 	10.0 
40.8952 	48.3504 	11.8 
38.8029 	48.6714 	34.0 
39.0620 	46.1590 	10.0 
38.1280 	48.0290 	7.0 
40.9397 	48.4916 	3.1 
38.0890 	47.9780 	10.0 
38.3391 	46.7522 	9.7 
40.9363 	48.4901 	6.9 
40.2678 	45.8812 	17.7 
38.3323 	46.7705 	5.3 
38.0140 	46.3950 	5.1 
38.2078 	46.7212 	10.2 
38.1140 	48.0190 	4.0 
38.5833 	46.9000 	10.0 
39.1340 	46.1510 	10.0 
41.4833 	46.5833 	10.0 
38.5017 	46.8548 	16.9 
38.9220 	48.6279 	20.1 
41.5053 	46.7433 	15.9 
41.0526 	43.9808 	8.5 
39.0640 	46.1950 	10.0 
40.9188 	44.2995 	9.6 
38.4220 	46.7156 	12.4 
41.7601 	46.6096 	8.6 
42.0596 	45.9739 	9.7 
38.7020 	46.7070 	10.0 
39.6350 	45.8760 	10.0 
41.8293 	46.3578 	25.1 
40.9029 	46.6330 	13.3 
41.4969 	46.6313 	6.3 
41.6472 	47.6815 	12.7 
41.8663 	46.0814 	4.1 
41.1431 	46.1874 	19.7 
39.8904 	45.3263 	9.8 
41.7806 	49.0784 	45.3 
41.1017 	48.2258 	9.9 
38.4666 	45.3497 	2.8 
38.6870 	46.6830 	10.0 
39.3000 	46.1160 	4.5 
39.6310 	48.9531 	46.4 
40.2624 	45.0906 	5.4 
38.1220 	48.5730 	10.0 
38.4683 	45.3747 	4.5 
39.3416 	46.0434 	10.6 
38.1890 	45.4700 	8.7 
39.6381 	49.3438 	44.1 
38.1050 	47.6340 	8.0 
38.3600 	45.4402 	0.8 
38.4738 	45.3947 	10.0 
38.3278 	47.4175 	10.0  
38.3270 	47.4240 	15.6 
39.4812 	45.5174 	19.1 
38.1560 	47.9650 	7.8 
41.8634 	45.9130 	34.6 
39.2320 	46.1910 	10.0 
38.4415 	45.6681 	4.6 
38.8793 	48.5341 	21.1 
41.6220 	46.5698 	17.6 
38.1308 	46.3717 	11.8 
41.0513 	47.4165 	7.4 
38.5636 	44.3188 	4.6 
41.8956 	45.9157 	13.3 
41.0418 	48.2916 	30.5 
41.0714 	47.3669 	5.6 
38.1570 	47.0160 	7.3 
39.1400 	46.1780 	12.0 
38.7356 	48.7208 	22.8 
38.6808 	48.6636 	17.5 
40.7889 	49.5916 	39.8 
39.0605 	48.2815 	23.4 
38.3873 	49.3976 	25.6 
38.5076 	49.4425 	8.5 
41.2979 	48.5144 	41.9 
41.6432 	46.3324 	17.6 
41.6761 	45.6476 	32.5 
41.2312 	48.5500 	15.8 
39.6880 	48.3940 	37.0 
40.5630 	46.9051 	18.0 
41.9350 	48.2452 	21.6 
38.4010 	45.3530 	9.0 
41.3701 	48.5666 	21.7 
38.6151 	48.8040 	27.6 
38.0300 	47.4910 	5.0 
40.6564 	48.4451 	5.9 
38.2130 	46.7390 	10.0 
39.9896 	46.5449 	16.8 
38.7266 	48.6239 	9.9 
38.4070 	45.0930 	9.0 
40.6369 	48.5019 	11.3 
40.6425 	48.5236 	8.3 
38.2050 	48.3939 	7.6 
39.1590 	46.1900 	10.0 
40.6360 	48.5174 	8.3 
38.1690 	47.7240 	10.0 
40.8069 	47.9754 	33.6 
38.4140 	46.7300 	10.0 
40.6829 	46.4966 	9.4 
38.8168 	48.6387 	22.0 
40.8134 	48.5493 	38.5 
41.9092 	49.4197 	29.0 
38.6950 	48.4240 	10.0 
39.8155 	48.2532 	55.8 
30.9571 	47.8378 	35.0  
38.3670 	44.9070 	22.6 
41.1640 	49.5047 	8.1 
38.3689 	49.3896 	39.5 
41.0406 	48.6535 	6.1 
38.3348 	49.4634 	31.4 
38.4133 	49.4513 	25.0 
38.9320 	48.6530 	20.4 
38.9135 	48.6327 	21.7 
38.6530 	48.5955 	13.5 
41.1216 	49.5103 	14.8 
38.4626 	46.9239 	13.9 
38.4407 	49.4215 	26.0 
39.1870 	46.2140 	10.0 
41.4475 	49.9433 	34.1 
41.9885 	48.2163 	50.0 
39.7358 	48.2788 	44.0 
40.3443 	45.0197 	8.2 
38.3815 	46.5981 	16.8 
38.7747 	46.6509 	15.9 
38.1250 	46.3640 	6.0 
38.1620 	47.9920 	11.6 
38.5230 	45.0130 	5.0 
40.8649 	47.4412 	19.4 
38.0780 	48.0630 	4.0 
38.1150 	47.6620 	10.0 
39.1030 	46.1110 	10.0 
38.7660 	48.5160 	10.0 
40.6669 	48.1806 	35.8 
38.3550 	46.9270 	11.8 
39.3041 	46.0134 	11.1 
40.6279 	48.4834 	6.3 
40.6216 	48.5295 	13.4 
42.1423 	45.9362 	14.0 
40.7227 	47.9110 	38.2 
38.4987 	45.0608 	1.7 
41.7525 	47.5836 	12.2 
41.2600 	44.0217 	9.6 
38.0250 	47.9730 	10.0 
38.0370 	47.9790 	4.7 
39.2550 	46.1000 	12.2 
40.4216 	45.6059 	10.9 
41.7247 	49.7926 	39.9 
39.0130 	48.4537 	30.5 
38.3930 	45.1236 	11.9 
38.4600 	45.0350 	10.0 
39.0690 	46.1880 	10.0 
38.3494 	44.8222 	10.0  
41.1668 	43.5581 	12.5 
38.3350 	44.8290 	10.0 
39.8137 	48.2769 	56.1 
40.2656 	47.1110 	34.0 
38.6997 	48.7893 	40.9 
41.8350 	48.4000 	43.7 
38.3290 	44.6960 	7.1 
40.1309 	46.2487 	11.1 
38.3890 	46.9190 	10.0 
38.5020 	45.1180 	10.0 
40.9137 	48.7860 	10.0 
40.7933 	48.5573 	18.3 
40.1044 	46.6535 	11.5 
38.1870 	47.9730 	6.0 
41.4132 	48.7536 	10.7 
38.8560 	48.4350 	19.1 
38.1880 	47.9890 	6.3 
38.3940 	45.0110 	0.0 
38.7240 	45.9720 	10.0 
38.8340 	48.5090 	10.0 
38.8630 	48.6070 	18.0 
40.6411 	48.4817 	6.8 
39.1440 	46.1720 	10.0 
38.6900 	48.4770 	10.0 
40.0874 	46.8723 	20.0 
38.0180 	49.2040 	8.0 
39.3000 	49.0090 	23.5 
39.1320 	46.1440 	10.0 
41.4643 	48.0007 	18.2 
38.5109 	45.0836 	3.1 
40.3566 	46.9874 	8.1 
39.1570 	46.1470 	10.0 
41.2289 	46.3162 	4.3 
39.1440 	46.1560 	10.0 
40.9376 	48.4246 	10.1 
38.8994 	48.6151 	31.8 
41.9403 	47.3871 	6.4 
38.4770 	45.0380 	10.0 
41.3483 	49.2064 	11.2 
38.7893 	48.7380 	19.0 
38.7093 	48.6588 	10.0 
38.6725 	48.6433 	12.0 
38.7039 	48.6476 	20.1 
38.7050 	48.6446 	10.2 
38.6689 	48.6442 	21.0 
38.7063 	48.6277 	10.9 
38.6069 	48.6817 	26.7 
38.7315 	48.6149 	10.1 
38.6621 	48.6470 	18.3 
38.7121 	48.6282 	14.2 
38.7111 	48.6138 	17.1 
38.7193 	48.6395 	13.6 
38.6678 	48.6204 	18.9 
38.7177 	48.6285 	17.4 
38.6040 	48.5490 	10.0 
40.9564 	47.4289 	18.7 
38.6540 	48.5880 	10.0 
38.7068 	48.6393 	17.2 
40.2954 	45.9216 	15.5 
39.5856 	48.3352 	50.7 
38.6240 	48.5340 	9.0 
38.5880 	48.5720 	9.0 
41.0520 	46.8700 	2.3 
38.8415 	48.7501 	33.1 
41.1578 	46.7995 	10.5 
38.6840 	46.6780 	10.0 
39.1630 	46.1190 	10.0 
38.4260 	46.7180 	8.0 
39.6769 	48.7320 	12.5 
38.7570 	48.6690 	27.7 
39.1230 	46.1480 	10.0 
38.5780 	48.5120 	10.0 
39.3260 	48.9424 	48.1 
38.0868 	48.0553 	23.6 
39.1320 	46.1620 	10.0 
38.3940 	45.6710 	4.0 
38.3840 	45.6620 	6.4 
38.8910 	48.5770 	28.0 
38.7890 	48.4580 	10.0 
41.8167 	48.8833 	51.6 
38.4910 	48.4690 	9.0 
38.4305 	44.9306 	6.7 
38.6919 	48.6313 	13.2 
40.6790 	48.5523 	11.8 
39.1300 	46.1510 	15.0 
38.6300 	48.5590 	10.0 
38.3980 	45.2970 	10.9 
38.4300 	45.1099 	15.0  
39.9500 	48.1347 	59.8 
38.7970 	48.6230 	27.3 
38.1510 	47.0130 	10.6 
40.2832 	47.2664 	33.2 
40.9525 	48.1154 	22.4 
41.2133 	46.0256 	30.6 
38.1970 	48.0060 	19.0 
41.5817 	45.3228 	3.0 
41.6831 	45.0787 	17.0 
41.0284 	48.1360 	10.8 
41.8139 	49.2328 	60.0 
39.3020 	46.0520 	8.6 
40.9507 	48.3261 	4.8 
40.6346 	48.7522 	11.4 
40.6334 	48.7803 	4.6 
40.6131 	48.7995 	18.6 
40.6096 	48.7866 	7.4 
40.6410 	48.7530 	2.9 
40.6224 	48.7609 	5.8 
40.5877 	48.7370 	8.6 
40.6200 	48.7979 	19.1 
40.6611 	48.7775 	10.0 
40.6057 	48.7824 	19.1 
40.6099 	48.7525 	7.3 
40.5825 	48.8137 	17.3 
41.6766 	45.0295 	0.6 
40.7973 	48.4915 	10.0 
41.8141 	45.9609 	30.2 
41.9250 	49.0100 	49.8 
40.8503 	48.5276 	6.5 
38.8820 	45.0250 	11.0 
38.7930 	48.6530 	9.0 
38.7751 	44.9320 	4.4 
41.3809 	45.9274 	10.9 
38.0360 	47.9610 	8.0 
39.2050 	46.1800 	10.0 
38.0380 	47.9880 	8.0 
38.1170 	46.3460 	12.3 
40.8964 	48.3825 	11.5 
39.1150 	46.1520 	14.4 
38.7460 	48.5000 	10.0 
41.8322 	46.5829 	11.9 
40.3749 	48.7043 	5.0 
38.4587 	49.5502 	40.9 
39.1300 	46.1600 	10.0 
40.1654 	46.6802 	10.0  
41.6680 	46.9806 	12.9 
39.7200 	48.4513 	57.1 
40.8803 	46.3317 	14.3 
38.7550 	46.7140 	6.0 
38.8330 	48.4940 	28.0 
38.5470 	48.3620 	10.0 
41.9902 	49.6232 	15.5 
38.9214 	49.6280 	15.8 
41.6200 	48.3348 	46.7 
40.7148 	49.6603 	17.3 
39.1260 	46.1510 	10.0 
41.3271 	46.3726 	30.7 
39.2733 	49.4166 	65.4 
39.1360 	46.1730 	10.0 
40.3826 	48.5824 	9.3 
38.5029 	49.4299 	14.9 
41.6593 	46.3087 	7.1 
41.6333 	46.3309 	7.5 
38.5196 	49.3998 	13.4 
38.4205 	49.4126 	17.6 
38.3177 	49.3731 	42.1 
38.6270 	46.8940 	18.2 
41.6716 	46.3120 	8.8 
41.0015 	46.8918 	14.8 
39.1037 	47.4907 	18.0 
38.6814 	48.5949 	18.4 
41.8563 	46.3524 	17.8 
41.6965 	44.9803 	4.3 
39.0403 	46.0576 	22.2 
40.1805 	47.0951 	25.8 
39.4566 	49.5155 	62.0 
38.4067 	45.1209 	8.4 
39.2075 	45.9606 	10.8 
38.6470 	48.3940 	10.0 
38.2410 	48.4840 	10.0 
40.3946 	48.6544 	4.4 
39.6648 	49.5149 	43.8 
38.3490 	47.6440 	11.0 
41.5781 	46.2947 	9.2 
40.4235 	48.6681 	17.4 
41.3666 	47.5923 	20.3 
38.3900 	46.8490 	14.5 
38.6190 	48.5620 	9.0 
40.3313 	45.7455 	17.5 
39.9388 	48.7735 	7.3 
40.1516 	47.5739 	29.1 
41.6407 	47.9367 	10.8 
41.1099 	47.9722 	12.3 
40.9747 	45.9476 	7.5 
38.9700 	48.6800 	10.0 
38.0250 	46.7370 	5.0 
38.3920 	46.7170 	12.5 
38.7591 	48.5613 	16.9 
41.0477 	47.9848 	11.1 
41.6131 	47.8584 	6.7 
40.7230 	47.9168 	45.5 
39.1470 	46.1390 	10.0 
38.7166 	48.5057 	33.9 
41.0870 	47.8968 	12.2 
41.9508 	47.2059 	30.3 
39.3234 	48.0895 	30.1 
40.8809 	45.4040 	6.1 
38.6608 	48.6357 	24.8 
41.4666 	45.3138 	2.0 
40.9780 	48.2836 	3.7 
38.3702 	49.3964 	18.7 
41.3126 	48.7165 	39.8 
41.6727 	45.0850 	2.0 
40.7405 	48.0485 	37.0 
40.8084 	48.0411 	25.0 
41.8297 	47.5763 	10.6 
41.7730 	46.0412 	2.3 
39.1280 	46.1760 	10.0 
40.4746 	49.0266 	11.2 
38.7859 	48.7253 	36.7 
41.7411 	46.0354 	5.1 
40.8445 	48.1906 	41.2 
38.7720 	48.6360 	28.0 
39.1710 	46.0090 	10.0 
40.8298 	45.0857 	2.5 
41.5811 	49.5446 	44.5 
40.9318 	46.6748 	19.4 
40.9063 	48.5393 	8.5 
40.4505 	49.0403 	16.6 
38.4640 	45.2910 	10.0 
38.4572 	45.3789 	10.4 
38.4953 	45.4042 	13.0 
38.4284 	45.4288 	7.2 
39.6802 	48.3809 	44.0 
38.4230 	45.4693 	9.7 
38.6020 	48.5410 	10.0 
38.5340 	48.5050 	10.0 
38.5333 	46.8000 	10.0 
38.4286 	45.0740 	11.8 
38.8640 	44.9960 	14.0 
39.1410 	46.1660 	10.0 
38.3170 	47.5990 	11.2 
40.3053 	45.8364 	10.1 
38.3270 	47.5631 	6.3 
41.4421 	46.1876 	10.1 
40.8877 	48.5685 	10.0 
40.9505 	48.5067 	2.2 
37.8682 	47.0156 	2.6 
40.9222 	48.5592 	6.6 
38.6740 	46.7250 	10.0 
38.8720 	46.8880 	10.0 
40.9511 	48.5650 	4.6 
39.0358 	49.1541 	47.9 
40.9393 	48.5666 	3.0 
38.8611 	48.5817 	10.0 
40.6552 	48.5512 	16.6 
40.6567 	48.5669 	12.2 
41.7141 	46.2929 	4.0 
39.9054 	48.7579 	6.3 
40.6478 	48.5785 	13.7 
38.2625 	47.5921 	2.5 
38.4196 	46.7230 	3.9 
39.9094 	49.3643 	22.3 
39.8752 	48.6408 	5.0 
39.9648 	49.6305 	60.0 
40.6570 	48.5747 	8.8 
40.2729 	48.5618 	13.5 
40.2759 	48.6929 	10.9 
38.9192 	48.6084 	15.4 
40.2430 	49.8900 	44.2 
40.8029 	47.0399 	25.5 
38.0260 	47.2940 	13.8 
37.8030 	48.9920 	8.0 
38.7440 	48.4380 	9.0 
39.1190 	46.1520 	10.0 
39.1330 	46.1590 	10.0 
40.6328 	46.7510 	12.1 
38.3360 	45.4999 	6.6 
38.7380 	48.4150 	15.8 
38.0290 	49.2840 	14.2 
38.4780 	46.6040 	10.0 
38.7210 	48.2390 	10.0 
40.7613 	48.4292 	10.3 
38.3170 	44.8550 	7.9 
40.7076 	48.5179 	43.5 
39.1590 	46.1670 	10.0 
41.6336 	46.4115 	3.5 
39.8028 	49.4072 	62.0 
39.0057 	48.5999 	10.0 
38.7532 	48.5491 	15.5 
38.1067 	48.0703 	10.8 
38.7259 	48.6305 	9.9 
38.7876 	48.7361 	40.5 
39.1020 	46.1640 	10.0 
40.1210 	47.2692 	24.3 
38.0160 	46.3910 	10.0 
38.0340 	46.4050 	10.0 
38.1162 	46.4357 	11.7 
38.0620 	46.4510 	10.0 
38.0270 	46.3900 	10.0 
38.3730 	45.2980 	10.0 
38.0140 	48.6000 	12.3 
38.6210 	48.5240 	18.0 
38.7200 	48.5225 	20.6 
39.1020 	46.1810 	10.0 
40.5853 	49.8343 	45.5 
40.9128 	46.5606 	10.1 
38.2895 	49.3685 	49.3 
40.2329 	48.7070 	11.9 
41.0815 	49.4190 	58.0 
38.7490 	48.5300 	28.0 
40.2400 	44.5860 	7.0 
38.6160 	46.0610 	6.0 
40.5793 	49.5004 	62.0 
41.7479 	45.8299 	35.6 
38.6250 	46.7050 	6.7 
38.4050 	45.2220 	10.0 
39.0354 	48.6197 	10.1 
38.0800 	46.4068 	1.4 
38.0270 	46.4000 	12.0 
38.3610 	45.3710 	6.3 
38.3190 	47.5990 	9.0 
39.1750 	46.1630 	6.0 
41.1822 	48.4961 	10.0 
41.6332 	49.1014 	51.0 
38.6496 	48.5994 	17.9 
41.0034 	47.9995 	2.9 
41.4813 	46.4840 	3.0 
40.4434 	48.1692 	42.5 
41.3788 	46.9083 	7.0 
41.1143 	47.9477 	10.0 
38.4749 	45.4595 	7.8 
38.3600 	45.3480 	16.1 
39.5055 	47.9110 	33.9 
41.9031 	49.7316 	62.4 
38.8617 	48.8011 	47.1 
38.6370 	48.4800 	10.0 
38.4540 	46.6850 	5.5 
41.0903 	48.0019 	40.4 
38.4700 	45.1150 	6.4 
41.3454 	46.3977 	17.4 
38.3235 	47.5994 	10.0  
39.7548 	48.9316 	9.0 
41.7554 	46.5119 	11.5 
38.9070 	48.6090 	19.6 
39.7964 	48.3636 	24.5 
39.5605 	48.4859 	39.0 
38.4500 	45.5500 	10.0 
39.2476 	49.2324 	31.1 
40.6003 	48.4495 	14.5 
40.3879 	48.1195 	57.7 
40.8993 	49.7255 	76.2 
37.7675 	49.0685 	10.0  
38.7825 	48.5943 	23.3 
40.5648 	48.5908 	14.1 
40.6393 	46.8488 	38.9 
40.1427 	46.0732 	7.3 
40.1550 	46.0095 	15.5 
40.1463 	46.0080 	14.0 
40.7833 	48.5169 	12.4 
40.7610 	48.5022 	11.3 
38.8518 	48.5183 	29.4 
41.8833 	45.5717 	20.6 
40.7686 	48.4958 	15.0  
40.7696 	48.4948 	13.5 
40.7600 	48.5215 	13.6 
40.7499 	48.5027 	9.7 
40.7777 	48.4746 	8.5 
40.7617 	48.5223 	10.9 
40.7524 	48.5324 	11.4 
40.7565 	48.5114 	11.2 
40.7576 	48.5224 	10.4 
40.7706 	48.4964 	11.6 
40.7499 	48.5300 	13.2 
40.7524 	48.5098 	10.3 
40.7613 	48.4841 	12.2 
40.6867 	48.6221 	15.3 
40.7527 	48.4627 	10.5 
39.3363 	49.1924 	7.0 
40.9147 	48.4968 	4.8 
38.4765 	45.3319 	13.3 
41.7817 	46.6167 	22.2 
40.7700 	48.4792 	13.7 
40.7520 	48.4809 	17.1 
41.9550 	49.0950 	6.9 
39.6874 	48.3521 	41.0 
38.3257 	46.8952 	10.5 
38.9534 	48.7475 	30.6 
39.3682 	45.3572 	13.2 
38.1055 	48.5798 	6.3 
40.7377 	48.5332 	10.2 
41.5533 	46.6233 	17.3 
41.7859 	48.1907 	13.7 
38.4970 	49.1415 	30.5 
38.3874 	45.0159 	6.2 
40.2423 	45.0505 	9.4 
40.7653 	48.4965 	9.8 
40.7441 	48.4947 	9.1 
40.7578 	48.4585 	7.8 
40.7669 	48.4923 	12.7 
40.7285 	48.5250 	12.3 
40.1957 	47.7273 	27.8 
41.8352 	48.8371 	18.2 
38.8343 	48.2398 	4.1 
40.1993 	47.6990 	23.3 
42.0567 	45.8050 	22.0 
41.7350 	46.9967 	50.1 
42.0997 	45.8130 	2.2 
38.7209 	48.8329 	41.1 
41.8450 	45.8083 	25.3 
38.3640 	45.5336 	10.0  
42.0687 	45.9040 	9.5 
41.3093 	46.5692 	33.5 
41.7164 	48.8940 	69.0 
41.9413 	48.1426 	15.5 
41.1126 	47.3798 	32.0 
38.4532 	45.3491 	5.2 
38.4250 	45.2981 	10.0  
38.4558 	45.3350 	1.4 
38.7849 	48.7190 	35.5 
38.7501 	45.1720 	1.7 
38.8190 	48.6267 	30.2 
41.8217 	46.4483 	20.3 
41.9700 	45.8900 	14.2 
40.8400 	48.2600 	10.4 
41.9750 	49.3333 	36.5 
40.0640 	46.2641 	2.3 
40.4007 	47.2013 	31.2 
40.9350 	48.2900 	5.9 
41.7981 	45.8342 	12.1 
41.9800 	45.8383 	17.9 
38.4664 	45.1039 	5.0 
38.1569 	46.3527 	8.7 
39.2929 	46.0366 	9.0 
38.4195 	45.2665 	10.7 
38.9167 	47.2786 	16.1 
38.9162 	48.6049 	25.2 
38.8720 	48.7720 	20.0 
37.9249 	48.9024 	12.0 
40.1173 	48.6616 	2.6 
39.7447 	48.4325 	44.4 
41.7179 	46.8503 	15.3 
39.7470 	45.0370 	6.4 
42.8806 	47.1494 	5.6 
38.6798 	48.5302 	26.0 
38.4130 	46.6449 	7.0 
38.4458 	46.7117 	4.2 
38.4202 	45.3991 	0.8 
38.3648 	45.3759 	10.0  
38.4262 	45.4474 	8.0 
38.3402 	45.4389 	1.8 
38.3910 	45.4437 	5.6 
38.3719 	45.4157 	12.0 
40.2970 	47.0760 	25.5 
38.4685 	45.5264 	5.7 
38.4096 	45.4637 	1.2 
38.2795 	47.5559 	1.4 
38.7480 	48.6240 	22.9 
40.9853 	49.5521 	14.2 
42.0230 	46.1654 	28.7 
38.3683 	45.4873 	6.2 
41.2897 	45.6636 	15.8 
38.4787 	49.2223 	8.7 
41.0014 	48.5067 	4.2 
40.9800 	48.1624 	32.3 
41.7824 	47.4759 	8.7 
38.1005 	47.9702 	5.1 
38.0735 	47.8822 	15.3 
41.4857 	46.9654 	30.9 
41.3741 	46.1076 	12.0  
38.6505 	49.3272 	49.0 
38.0807 	48.2230 	0.1 
38.3927 	46.6538 	4.3 
40.9660 	49.7077 	13.3 
38.4359 	48.9491 	18.0 
40.3294 	48.7252 	7.0 
38.3846 	46.6853 	15.6 
38.4132 	46.6080 	4.6 
39.1685 	48.2163 	25.0 
38.4430 	46.7030 	2.6 
41.0951 	48.4003 	10.0 
38.1375 	49.1092 	12.4 
40.7599 	48.5235 	17.9 
41.8984 	45.7725 	4.1 
38.7475 	48.6303 	15.8 
38.8222 	48.5135 	24.8 
41.7132 	46.3467 	0.6 
38.1590 	48.7090 	10.0 
41.5763 	46.5387 	11.6 
41.5607 	46.5995 	10.9 
41.5438 	46.5628 	10.2 
41.5579 	46.5470 	13.4 
38.3328 	46.6590 	8.1 
41.5899 	46.5747 	9.8 
38.0131 	46.6480 	11.0  
38.7390 	48.5250 	9.3 
41.5800 	46.6400 	17.2 
41.5650 	46.5983 	15.4 
40.2187 	46.5659 	3.3 
40.5530 	47.3259 	25.0 
38.6216 	48.6384 	16.4 
38.8500 	48.4333 	10.0 
38.3728 	49.4151 	36.0 
38.4544 	49.3984 	19.8 
41.7065 	46.3510 	11.6 
38.0290 	47.9620 	5.3 
41.1094 	47.9083 	16.3 
40.8967 	48.1984 	39.1 
39.1131 	48.3995 	24.2 
39.0894 	48.3028 	28.7 
41.4550 	49.2754 	74.6 
38.8900 	48.6050 	24.2 
38.5423 	44.2348 	5.0 
38.6596 	48.9918 	32.3 
38.4045 	46.9155 	13.3 
41.8596 	49.6711 	35.0  
42.0369 	46.2106 	18.3 
40.4672 	48.1740 	44.0 
41.5897 	46.5234 	10.1 
41.7997 	48.9528 	66.7 
40.5617 	46.8500 	36.0 
38.1976 	46.6304 	10.0  
41.9021 	46.2199 	18.4 
41.9098 	46.2257 	10.1 
41.9600 	46.3017 	18.7 
41.9467 	46.2600 	20.0 
41.9533 	46.2783 	20.2 
41.9217 	46.2434 	16.8 
41.9467 	46.2617 	19.4 
41.6217 	48.3617 	28.4 
41.2249 	48.2486 	33.3 
38.4429 	48.9617 	28.5 
41.6663 	46.5361 	8.0 
41.1367 	48.3550 	33.3 
41.1148 	46.0197 	24.2 
42.1375 	45.7273 	6.8 
38.8100 	48.5510 	20.0 
41.7329 	49.2277 	2.3 
38.1090 	47.6850 	4.7 
38.3850 	45.3940 	7.5 
38.8163 	48.6171 	35.3 
38.8779 	48.5187 	19.9 
41.8783 	45.9417 	28.7 
41.0628 	48.7517 	5.5 
38.7202 	48.6309 	32.4 
41.6224 	48.0429 	19.6 
38.3123 	49.0741 	31.0 
38.7179 	48.5626 	28.6 
37.7335 	47.4726 	13.4 
41.1057 	47.9925 	10.2 
37.7260 	47.5110 	11.2 
41.5464 	46.5777 	0.0  
37.7707 	47.4036 	7.0 
38.1966 	47.9828 	3.0 
37.8006 	47.4632 	10.0  
38.4604 	45.2627 	9.3 
38.4366 	45.2837 	5.9 
38.4252 	45.2942 	6.3 
39.0091 	48.2748 	21.9 
37.7681 	47.3724 	10.0  
40.3396 	48.8767 	28.0 
38.5004 	45.1170 	6.0 
37.7836 	47.5926 	11.9 
38.4644 	44.4942 	9.3 
38.7498 	48.6350 	31.1 
40.3569 	48.6908 	6.2 
39.2161 	45.9909 	8.5 
38.1870 	48.0127 	6.2 
40.2025 	47.1080 	23.7 
38.7733 	48.5104 	20.5 
41.1784 	48.7018 	20.7 
41.5326 	46.6231 	10.3 
37.9661 	45.7023 	5.5 
38.3061 	48.8008 	27.1 
38.0453 	48.0143 	10.0  
39.0733 	49.3987 	27.5 
41.6446 	47.6930 	10.6 
42.0350 	46.1981 	17.1 
38.6776 	45.7718 	4.7 
38.9329 	48.9121 	45.8 
40.9566 	48.4036 	4.0 
40.9268 	49.1710 	51.9 
40.1685 	47.1487 	28.8 
41.1450 	49.9417 	7.3 
37.6509 	47.6757 	9.5 
40.2648 	48.7752 	2.8 
40.2523 	49.0756 	13.5 
40.2405 	48.8994 	9.2 
40.2752 	48.6476 	3.9 
40.2625 	48.8150 	13.3 
38.4318 	44.5400 	12.8 
40.2905 	48.8511 	32.4 
40.2885 	48.9782 	18.9 
40.2791 	48.7161 	3.4 
41.5021 	46.5459 	6.2 
38.9675 	49.2508 	42.8 
38.9769 	49.2901 	40.1 
38.9147 	49.2164 	55.1 
38.1289 	45.9888 	11.7 
38.2529 	47.5681 	10.0 
41.1022 	47.3605 	9.2 
41.1327 	47.4039 	10.0 
39.1938 	45.9435 	10.0 
38.0063 	48.5764 	10.0 
40.8719 	46.5900 	11.6 
40.6565 	47.8924 	33.2 
38.5161 	45.4341 	36.0 
40.2712 	48.7523 	6.0 
38.0299 	48.5792 	20.7 
40.2409 	48.7360 	5.6 
41.8680 	46.5686 	50.8 
38.6209 	45.4874 	11.1 
41.7578 	46.4213 	22.8 
38.4873 	48.2620 	9.2 
41.5170 	46.4629 	2.0 
38.7367 	46.7176 	10.7 
40.2232 	45.9548 	11.6 
38.8976 	48.6400 	25.2 
37.2350 	47.6830 	8.8 
39.1335 	46.1695 	10.0 
40.7417 	48.5138 	13.3 
41.5620 	44.7193 	16.8 
39.4028 	48.3303 	18.5 
39.4044 	48.3526 	22.1 
38.3325 	47.5248 	9.9 
40.2530 	48.7694 	2.7 
40.2528 	48.7989 	8.6 
39.1549 	46.1234 	5.3 
39.9695 	45.9466 	13.8 
38.6150 	45.4520 	8.1 
40.2292 	48.8274 	2.0 
40.9547 	48.2874 	10.0 
40.2695 	45.9294 	9.8 
40.9932 	48.2686 	3.5 
41.2560 	45.5091 	10.0 
40.7335 	49.9534 	44.0 
40.2631 	45.9016 	10.0 
41.1121 	49.4679 	74.5 
41.9017 	46.3899 	20.4 
38.9867 	44.8691 	0.5 
40.9608 	49.0138 	19.0  
41.3280 	48.1298 	31.5 
38.8375 	48.5189 	25.8 
41.6690 	47.9550 	6.6 
38.7468 	46.7085 	10.1 
39.3955 	48.3392 	11.7 
40.2583 	48.7723 	2.8 
41.5022 	46.5061 	4.2 
38.7844 	46.7134 	7.6 
39.8748 	48.7202 	6.0 
41.5276 	48.1776 	42.1 
40.7418 	46.6992 	23.7 
40.9809 	47.8490 	6.2 
39.3159 	48.1189 	23.2 
41.7217 	46.7897 	15.2 
38.4772 	45.4170 	6.2 
40.7438 	47.0034 	26.4 
40.8429 	46.9462 	29.3 
39.1195 	46.1057 	12.5 
39.0119 	48.6710 	38.8 
41.1831 	49.4319 	57.3 
38.7154 	46.6998 	10.0 
41.0434 	45.4241 	10.1 
38.7054 	46.7129 	8.0 
41.9156 	46.4730 	13.1 
38.6172 	49.5135 	62.4 
41.2422 	45.8676 	7.0 
38.4472 	45.3478 	1.8 
38.4579 	45.3388 	5.0 
39.7266 	48.4663 	25.2 
38.4410 	44.3620 	7.7 
39.9207 	48.9363 	26.5 
39.9144 	48.7657 	5.9 
42.1365 	45.8160 	15.2 
41.0809 	49.6111 	43.1 
41.2517 	49.6344 	20.9 
38.7881 	46.7064 	5.7 
41.5378 	46.6971 	12.6 
38.7414 	46.7227 	12.6 
39.6831 	49.4193 	35.9 
38.2903 	47.3756 	11.5 
39.1824 	48.2983 	21.9 
38.7996 	46.7196 	10.0 
40.9336 	48.2893 	8.6 
38.7576 	48.4834 	24.8 
38.9368 	48.6170 	18.4 
40.7857 	47.7996 	23.6 
41.8955 	48.7821 	62.0 
38.1215 	48.1104 	8.7 
38.1868 	48.1521 	2.4 
40.2464 	48.7746 	13.1 
40.2545 	48.7860 	3.0 
40.2809 	48.7892 	3.3 
40.2901 	49.0504 	34.9 
40.2849 	48.8514 	3.0 
40.2788 	48.7447 	3.0 
40.2605 	48.7494 	3.2 
38.6663 	48.6574 	18.0 
40.2806 	48.7663 	3.0 
40.2988 	48.8403 	4.2 
41.5820 	49.2351 	57.0 
40.0944 	48.8272 	27.2 
38.7940 	48.7106 	29.1 
40.2739 	48.7651 	2.0 
40.2977 	48.8367 	19.1 
40.2453 	48.8363 	11.6 
41.7210 	48.8687 	74.1 
38.7019 	48.5718 	13.1 
38.5005 	45.3033 	10.0 
38.2953 	46.7231 	5.5 
40.1637 	49.3321 	41.9 
41.9789 	47.3939 	10.0 
38.9072 	48.6076 	23.2 
41.2306 	46.1877 	15.8 
40.2745 	48.8273 	3.7 
38.4560 	45.0460 	6.1 
40.2446 	48.8065 	17.1 
40.2624 	48.8485 	33.2 
40.2689 	48.7514 	3.3 
38.4773 	45.0722 	4.6 
40.2725 	48.7523 	1.7 
40.2458 	48.8325 	4.2 
40.2809 	48.6744 	2.0 
40.2354 	48.8108 	16.8 
40.2295 	48.9289 	8.5 
40.2211 	48.7659 	1.9 
40.2662 	48.7756 	2.3 
40.2645 	49.0188 	13.0 
40.2506 	48.7994 	2.0 
39.8089 	47.9846 	26.7 
41.6128 	49.0800 	35.0  
40.2359 	45.9762 	12.8 
41.1520 	45.5484 	5.7 
40.1181 	46.5690 	15.0 
38.3962 	44.5171 	5.9 
41.0320 	48.2069 	33.3 
39.7365 	49.4527 	46.3 
38.6713 	48.9159 	30.3 
41.3000 	45.7250 	19.7 
38.3810 	45.2960 	6.3 
38.3800 	45.3230 	6.0 
38.3574 	44.4631 	10.0  
40.5624 	47.2252 	33.5 
39.2604 	48.3137 	30.7 
40.2620 	48.7770 	26.4 
40.2284 	48.8086 	2.1 
40.0979 	48.8444 	2.0 
40.2491 	48.7834 	2.0 
38.3079 	44.4087 	3.1 
38.9289 	47.2794 	17.7 
41.5518 	47.9359 	9.0 
38.7605 	48.5586 	14.8 
40.7423 	46.0462 	7.7 
40.2900 	45.9689 	9.0 
38.0286 	46.9489 	10.0 
41.2452 	46.8346 	8.6 
41.3013 	46.8957 	14.7 
41.5597 	46.5217 	11.9 
41.9239 	46.3325 	16.6 
41.8368 	49.2131 	45.0 
40.2443 	48.7971 	2.9 
40.2605 	48.7853 	2.5 
39.0716 	48.0023 	24.9 
39.1937 	48.2272 	25.3 
38.6932 	46.6912 	10.1 
40.8625 	47.7845 	42.0 
38.3124 	46.1805 	18.6 
38.7660 	48.5283 	21.6 
40.7453 	45.9997 	12.2 
40.6541 	48.5636 	12.6 
40.6067 	48.5634 	7.2 
39.3468 	49.0576 	10.0 
41.6436 	46.2850 	10.0 
38.0470 	46.7940 	10.0 
38.0180 	46.7800 	10.0 
41.1356 	49.0400 	12.3 
41.1343 	49.0787 	9.7 
41.0580 	49.1824 	16.4 
41.0740 	49.0874 	9.6 
38.6850 	48.7905 	39.2 
38.8787 	48.7866 	33.7 
40.1500 	49.6000 	45.2 
40.6110 	48.6685 	9.5 
38.8127 	48.6240 	11.7 
38.4391 	46.7010 	10.9 
38.3039 	46.8180 	3.9 
38.8634 	48.5919 	39.4 
39.1671 	46.1587 	4.5 
39.1323 	47.9088 	21.4 
39.7078 	49.3632 	8.9 
39.6832 	49.2859 	3.1 
38.4403 	45.4435 	10.5 
38.4956 	45.4253 	1.6 
40.8655 	48.3279 	11.6 
38.6562 	48.6120 	22.0 
38.9608 	45.1803 	9.3 
41.1537 	49.2552 	7.4 
38.8390 	48.5970 	14.7 
39.0949 	48.2340 	19.0 
40.7186 	48.5433 	13.6 
40.2053 	46.3311 	10.5 
41.9475 	46.2707 	7.5 
40.1683 	49.8517 	62.0 
38.0410 	47.9990 	12.3 
38.0430 	47.9740 	12.0 
41.5831 	49.4876 	29.6 
41.9950 	49.1208 	29.0 
39.1266 	46.1413 	10.4 
38.7892 	48.6172 	13.4 
41.7771 	47.4049 	10.3 
40.8322 	46.8648 	23.2 
41.8881 	46.6305 	10.6 
41.9554 	46.4297 	9.9 
38.4608 	46.7759 	8.8 
40.7644 	49.3899 	28.7 
41.6979 	46.3550 	7.4 
38.4551 	44.4110 	7.5 
41.7358 	48.0452 	22.7 
38.9061 	48.6145 	20.6 
40.7471 	47.9715 	35.0 
40.7336 	48.5263 	14.8 
38.7407 	46.6851 	15.4 
38.4000 	45.3370 	9.2 
40.0525 	47.3149 	30.4 
40.3411 	45.7980 	9.9 
38.7162 	48.6904 	33.7 
40.5071 	45.2919 	2.0 
42.0485 	46.1693 	16.5 
42.0662 	46.2164 	19.0 
41.8462 	45.9317 	28.4 
39.2612 	48.2009 	21.4 
42.0207 	48.5900 	89.3 
40.2785 	46.0467 	11.1 
40.7193 	48.5331 	12.9 
38.5885 	48.5849 	15.2 
39.1136 	46.0849 	14.4 
40.2265 	49.2592 	16.4 
40.2348 	49.0715 	17.1 
40.2216 	49.0802 	3.8 
40.2621 	49.0632 	2.8 
40.3106 	48.8808 	2.0 
38.7154 	46.6695 	10.6 
40.2156 	49.1881 	4.3 
40.2839 	48.9763 	4.0 
40.2252 	49.0124 	2.5 
40.7280 	48.5336 	10.0 
38.4815 	48.8505 	34.0 
39.8416 	49.9651 	59.0 
41.0880 	48.4460 	6.6 
40.3695 	48.6647 	5.6 
41.3137 	48.4073 	10.0 
40.2502 	49.4072 	37.6 
41.0828 	46.4001 	28.7 
41.1051 	46.3162 	13.7 
41.0748 	46.3951 	24.8 
41.0710 	46.4115 	16.4 
41.0844 	46.3711 	16.9 
41.0880 	46.4067 	15.3 
39.2620 	49.1260 	14.5 
38.8344 	48.7020 	40.3 
41.1437 	49.3000 	17.6 
38.6347 	46.7287 	10.0 
40.8661 	45.9331 	12.5 
38.5359 	45.2709 	1.8 
41.8741 	45.6225 	37.7 
38.4970 	45.5121 	30.4 
38.4390 	46.7011 	8.3 
41.2681 	48.5692 	13.1 
40.2478 	48.8134 	1.7 
40.8835 	45.9512 	13.1 
40.7254 	49.5191 	10.1 
40.6283 	48.8369 	5.7 
39.1332 	46.1544 	9.9 
41.3076 	49.2506 	62.0 
41.3603 	48.6956 	42.0 
39.1376 	46.1522 	8.0 
41.9444 	48.5124 	13.5 
38.2100 	48.8940 	12.0 
40.8085 	45.0698 	22.4 
38.7807 	46.7422 	15.3 
39.9618 	49.9551 	60.1 
40.9574 	48.2602 	9.1 
40.9398 	48.2632 	9.8 
40.9508 	48.2548 	7.3 
41.5124 	48.7745 	40.0 
40.3866 	48.3074 	41.3 
41.1460 	47.1437 	19.2 
39.1557 	46.1749 	5.5 
38.6225 	45.4763 	4.1 
41.4839 	46.0922 	9.6 
38.5525 	49.4769 	61.0 
41.8063 	46.2961 	10.5 
41.2759 	46.4954 	25.8 
38.1509 	48.0764 	2.3 
38.1235 	48.0230 	2.3 
40.2294 	48.8291 	1.8 
38.7717 	48.6769 	29.7 
40.3021 	46.3136 	9.8 
38.3892 	46.9664 	14.5 
39.1360 	46.1471 	4.5 
40.1820 	47.0793 	30.4 
39.6774 	48.2902 	44.7 
41.2923 	46.8502 	7.1 
38.4134 	45.3538 	12.6 
39.6230 	48.2810 	43.0 
38.2402 	48.0626 	14.6 
40.6438 	48.1531 	42.7 
39.1711 	46.1637 	6.5 
38.5352 	45.0561 	3.0 
38.4885 	45.3228 	5.0 
38.4590 	45.4564 	17.6 
38.4889 	45.4160 	4.6 
38.6298 	45.9224 	18.5 
38.4543 	45.3333 	2.0 
38.4092 	45.4174 	18.1 
38.4467 	45.4331 	39.8 
41.0438 	49.9710 	62.0 
38.3155 	47.4151 	10.0 
39.0768 	48.6299 	37.5 
40.8810 	48.4974 	10.0 
38.9827 	45.1140 	5.1 
40.3220 	45.8115 	9.6 
40.3178 	45.8554 	0.8 
40.6191 	48.2482 	42.3 
40.3369 	45.8046 	9.2 
38.5447 	45.3948 	2.0 
38.1488 	48.2525 	4.8 
38.9050 	48.6291 	31.0 
41.0955 	46.3660 	12.3 
41.0733 	46.3980 	26.4 
41.3383 	49.6523 	7.1 
39.1613 	46.1325 	15.1 
39.6662 	48.3819 	52.0 
41.1786 	49.2855 	12.2 
39.1319 	46.1531 	13.7 
40.0140 	48.2489 	44.0 
41.3549 	45.9855 	16.5 
39.3826 	46.0397 	10.9 
40.4884 	48.7213 	7.0 
38.6389 	44.8845 	11.4 
40.4672 	48.7079 	7.8 
41.7551 	45.4354 	29.8 
41.8738 	46.5666 	9.4 
38.4100 	45.2096 	15.0 
38.4481 	45.1389 	21.2 
38.4073 	45.0917 	9.7 
38.4599 	45.1815 	31.9 
38.4340 	45.1673 	12.4 
38.4436 	45.1836 	10.0 
39.1257 	46.1238 	13.5 
40.2331 	45.9677 	15.2 
38.0921 	49.0694 	22.4 
41.3379 	45.9722 	40.5 
39.9232 	47.9401 	16.7 
38.4265 	45.2049 	9.5 
41.7246 	49.8835 	7.8 
38.4098 	45.2289 	1.1 
40.9925 	48.1858 	3.0 
38.3931 	44.9826 	13.0 
38.4034 	45.1269 	8.3 
42.0274 	46.0166 	10.7 
39.1547 	46.1418 	4.9 
41.2327 	48.2760 	38.5 
40.5578 	45.2004 	2.7 
40.9548 	49.3400 	7.8 
40.2368 	46.0384 	1.7 
40.5325 	45.2819 	9.8 
38.4854 	45.1397 	10.0 
40.3836 	48.6789 	17.7 
39.0146 	48.6361 	42.5 
38.4014 	44.9602 	0.6 
41.9665 	50.0239 	13.4 
41.5462 	49.7817 	58.4 
40.1072 	49.5813 	19.3 
40.9461 	45.5011 	2.0 
41.4712 	48.7680 	5.4 
40.7579 	47.9101 	40.8 
40.1076 	47.4953 	18.4 
38.3877 	46.8367 	13.8 
40.7757 	48.5040 	13.2 
39.9356 	48.4231 	24.2 
38.7993 	46.6925 	10.5 
40.3071 	45.0808 	9.3 
41.7930 	49.1749 	34.6 
38.4356 	45.1950 	10.0 
38.1673 	46.3886 	7.4 
40.2838 	48.7416 	7.0 
38.4324 	45.3935 	10.7 
41.4927 	48.8254 	5.5 
39.1195 	46.1014 	10.0 
38.4059 	45.1124 	1.7 
38.3897 	45.1391 	11.2 
39.1037 	49.3918 	53.0 
40.6566 	48.5622 	7.8 
38.7357 	49.5271 	20.1 
38.4555 	45.3448 	5.0 
40.6724 	48.5463 	13.1 
38.4290 	45.3714 	7.6 
38.3097 	46.3239 	16.3 
38.3979 	46.3464 	24.2 
41.0132 	49.2609 	62.2 
38.4471 	46.4619 	6.0 
41.5932 	49.9340 	38.4 
40.5488 	48.1067 	41.8 
39.2861 	47.6571 	23.7 
38.3586 	46.3891 	7.3 
41.3107 	46.7629 	9.4 
38.2635 	46.2934 	10.8 
39.3617 	49.0618 	50.9 
38.7915 	46.7251 	10.8 
40.5739 	48.4257 	22.6 
40.2816 	48.7561 	3.5 
41.8824 	48.2917 	31.8 
40.2794 	48.6988 	4.2 
38.3896 	46.9355 	10.4 
41.9347 	47.3416 	15.9 
40.8067 	48.0346 	37.1 
38.3556 	44.4971 	1.0 
38.9778 	48.4726 	25.1 
41.8481 	46.0113 	22.6 
41.7858 	46.5126 	8.9 
38.6888 	49.4868 	43.2 
41.7986 	46.5186 	16.6 
41.5764 	45.9983 	14.4 
40.5899 	48.6760 	21.8 
38.1119 	48.0259 	1.8 
39.8456 	45.1104 	18.4 
41.2963 	48.5838 	9.2 
38.3299 	46.7608 	12.1 
38.3339 	46.7740 	12.1 
38.3341 	46.7499 	10.9 
40.2254 	45.9826 	10.0 
38.7716 	48.5028 	24.2 
38.5967 	49.4603 	56.4 
38.4036 	45.2343 	13.2 
38.5358 	49.5862 	7.4 
38.4081 	45.1167 	5.1 
40.9118 	48.5947 	3.7 
40.9155 	48.6138 	5.1 
40.7373 	47.9573 	35.0  
38.3874 	45.1564 	9.3 
38.4686 	45.0534 	5.2 
40.7279 	48.4490 	14.9 
38.3807 	46.8494 	13.1 
40.7105 	48.4598 	14.1 
40.7207 	48.4509 	15.6 
40.7182 	48.4411 	15.7 
40.6999 	48.4630 	13.6 
40.7179 	48.4404 	18.2 
38.7546 	48.5512 	30.0  
41.8501 	47.8118 	25.1 
38.2314 	48.0571 	6.7 
40.7079 	48.4936 	18.8 
40.7245 	46.7760 	31.7 
40.6977 	48.4572 	16.3 
38.6434 	49.0092 	41.5 
38.7978 	48.6230 	38.7 
41.1074 	49.8689 	62.0 
40.8972 	49.3545 	6.8 
41.1596 	47.2566 	23.9 
38.5063 	45.3655 	4.4 
38.2753 	47.9939 	2.9 
38.2275 	46.3545 	10.4 
39.0610 	48.1606 	31.8 
38.7914 	45.7671 	10.3 
40.4018 	47.2430 	35.5 
38.5620 	48.6841 	31.4 
39.4719 	48.0132 	38.4 
40.2325 	48.8041 	44.0 
41.0992 	48.2781 	5.5 
40.3716 	47.0646 	23.2 
41.4056 	47.8294 	7.9 
39.1085 	46.1087 	13.5 
38.4061 	47.2232 	10.0 
40.6477 	48.5138 	8.4 
38.7782 	48.5834 	10.0 
38.7649 	48.6041 	16.5 
40.4960 	48.6179 	8.0 
39.4254 	48.0136 	26.3 
41.8863 	45.9491 	17.4 
39.7323 	48.3748 	54.0 
38.8060 	48.7310 	10.6 
38.7981 	49.5862 	17.2 
38.5120 	48.6207 	13.0 
39.1710 	48.5790 	25.7 
40.8583 	48.2604 	44.4 
40.7548 	47.9287 	32.7 
40.6006 	46.8281 	19.6 
41.2974 	48.4701 	36.9 
40.9829 	47.2604 	26.1 
39.9084 	45.1021 	5.0 
40.1740 	49.1684 	52.0 
40.4624 	48.6400 	3.5 
38.6102 	49.5973 	24.5 
38.6110 	49.4216 	55.3 
40.8368 	48.6826 	32.2 
40.6250 	46.9017 	21.6 
38.9245 	48.6220 	20.7 
38.4894 	45.2320 	3.0 
38.7772 	48.5529 	19.3 
41.8599 	46.2511 	21.2 
41.8656 	46.2119 	4.3 
40.7017 	48.4494 	14.4 
40.6911 	48.4329 	9.0 
38.0307 	48.0672 	2.8 
38.0781 	48.0553 	19.4 
41.8308 	46.2359 	11.4 
41.1385 	47.9802 	9.9 
41.8780 	46.3276 	5.9 
40.8875 	48.4952 	10.0 
38.6741 	49.5061 	43.2 
40.2665 	46.5422 	10.1 
41.6496 	46.8188 	16.4 
40.2796 	48.8242 	4.9 
38.3352 	46.7039 	2.8 
41.8742 	46.4116 	17.0 
38.1540 	47.0210 	7.4 
38.3787 	48.8464 	15.0 
39.3905 	45.4335 	17.6 
38.2916 	45.3817 	10.0  
40.1913 	47.0996 	28.4 
38.4469 	49.1247 	30.6 
40.2325 	45.9574 	7.2 
41.6589 	49.2132 	5.5 
40.8928 	48.1334 	13.0 
41.8227 	48.8274 	51.0 
39.5230 	48.6190 	40.4 
41.4815 	48.3458 	27.7 
38.8749 	48.5354 	14.6 
38.8960 	46.2037 	10.0 
41.8530 	46.2799 	10.6 
38.7417 	45.6570 	16.5 
38.6117 	46.8828 	7.0 
41.7143 	46.0587 	16.2 
38.7850 	46.6469 	10.0 
38.4769 	45.1335 	26.5 
38.4888 	45.1539 	9.2 
38.9403 	46.2027 	8.7 
38.4928 	49.0357 	52.5 
38.0416 	48.5431 	12.0 
38.0031 	48.4837 	20.5 
41.3373 	45.9173 	25.8 
38.4351 	49.3747 	46.6 
38.4638 	45.1801 	6.9 
38.4865 	47.1497 	10.3 
39.0447 	49.4891 	62.0 
40.5911 	46.0922 	10.9 
38.3100 	46.1939 	10.1 
41.8477 	46.2692 	12.9 
39.1787 	48.5399 	39.4 
39.5911 	45.1412 	17.0 
41.8104 	49.6023         101.6
38.4076 	44.7416 	8.5 
40.2673 	47.4924 	30.9 
37.8790 	46.9140 	15.9 
38.4152 	46.7420 	14.9 
41.2412 	48.3082 	39.0 
40.3712 	49.5340 	55.2 
38.9164 	48.6664 	20.7 
38.8893 	49.1004 	4.3 
38.5229 	49.4873 	19.2 
38.4684 	49.4745 	56.1 
41.0767 	45.7849 	10.1 
41.3494 	48.1253 	56.2 
38.2710 	44.5407 	4.2 
39.9153 	48.2354 	54.0 
38.7246 	46.7002 	10.1 
39.1077 	46.1060 	7.4 
41.5285 	49.9961 	42.4 
40.5810 	47.8379 	25.3 
41.5208 	46.7382 	11.7 
38.1363 	48.0875 	2.8 
40.2712 	47.4786 	29.8 
39.8854 	45.4811 	5.0 
39.4960 	52.0342 	31.2 
41.2325 	47.9780 	8.5 
41.2439 	47.9314 	8.0 
40.3182 	45.0007 	3.2 
38.2180 	44.5040 	7.0 
41.2776 	48.6362 	28.9 
38.9134 	48.6475 	19.3 
38.9102 	48.6381 	20.9 
38.7051 	46.8588 	8.3 
38.3528 	46.4399 	9.1 
38.5249 	45.2346 	4.9 
40.9815 	49.4460 	57.3 
40.2605 	48.8251 	4.1 
40.7363 	47.8565 	43.2 
40.7134 	48.4360 	8.7 
39.5346 	49.1703 	25.0 
40.7693 	46.7217 	22.5 
40.9278 	48.0638 	15.4 
38.6037 	45.0575 	9.5 
40.2325 	49.0396 	7.8 
40.2115 	48.6624 	2.0 
39.6170 	45.0795 	9.2 
40.6346 	48.0295 	44.1 
40.3878 	46.4292 	11.1 
40.2346 	48.7102 	2.9 
41.8703 	48.1446 	12.4 
40.6615 	48.5480 	43.4 
39.1259 	46.1564 	10.7 
38.5254 	45.1381 	7.3 
39.1557 	48.5586 	35.9 
39.1551 	46.1590 	5.4 
41.0923 	48.4399 	10.1 
40.7376 	48.6048 	40.1 
38.3300 	48.8387 	37.3 
38.5581 	45.0196 	2.4 
41.6658 	47.9134 	2.0 
38.1542 	48.0380 	24.8 
38.5026 	49.3167 	17.1 
38.6897 	49.3501 	33.6 
38.4118 	48.2222 	2.0 
41.8611 	46.2719 	14.6 
41.1908 	48.6436 	59.5 
40.7714 	48.3093 	15.6 
40.0231 	48.2455 	62.3 
39.9958 	48.1433 	50.0 
40.9738 	48.5695 	37.1 
41.7687 	48.7439 	9.0 
41.7141 	49.1857 	62.0 
38.7752 	48.5803 	15.2 
40.2347 	45.1694 	7.1 
38.4367 	49.2863 	19.1 
41.8323 	45.8149 	17.9 
40.5175 	47.9061 	19.4 
41.1705 	45.4591 	7.1 
40.6782 	46.6880 	24.2 
38.8794 	48.5422 	17.6 
41.3083 	45.7825 	2.7 
41.5776 	46.5316 	7.2 
38.8662 	46.7467 	10.0 
38.8929 	46.2896 	5.1 
39.1726 	48.3643 	26.8 
39.0384 	45.1915 	8.8 
38.6929 	46.6906 	13.2 
40.1480 	49.3982 	35.5 
39.2803 	48.1053 	17.9 
40.2116 	48.8399 	14.4 
40.1481 	49.4685 	5.0 
38.5809 	48.6516 	35.1 
40.2365 	48.8517 	3.3 
40.2500 	48.8195 	3.7 
40.1265 	49.1144 	7.9 
39.8409 	45.8583 	12.2 
38.8432 	48.5703 	18.6 
38.8564 	48.5745 	6.5 
40.8688 	47.5010 	41.8 
40.8629 	46.9204 	19.6 
39.1809 	48.0789 	23.5 
38.7120 	48.8417 	35.0  
41.0951 	48.8887 	22.4 
41.5736 	46.4288 	9.8 
39.3889 	49.3192 	15.8 
40.4946 	47.9709 	30.8 
40.2689 	45.8282 	10.1 
41.7371 	49.2492 	62.0 
40.5804 	48.5581 	8.0 
40.3010 	45.8046 	8.7 
41.1037 	49.5879 	36.1 
41.0367 	49.5800 	18.7 
41.1083 	46.3505 	18.0 
41.5291 	48.9608 	6.4 
41.5077 	47.9599 	15.2 
39.9188 	44.9425 	20.1 
38.7041 	48.5868 	16.8 
39.7897 	49.0983 	52.9 
38.8663 	48.5717 	14.8 
40.6266 	46.0736 	3.6 
41.7911 	45.8596 	17.9 
39.1084 	47.5019 	20.9 
40.6724 	48.5016 	9.3 
40.8376 	45.7834 	6.9 
40.6173 	49.0680 	37.7 
38.5306 	44.9094 	10.0  
38.5977 	46.7045 	29.2 
38.6656 	49.4976 	43.3 
38.9802 	48.7272 	34.8 
39.0248 	48.4001 	17.8 
40.6518 	46.1474 	1.8 
38.4412 	48.4062 	10.1 
40.1288 	49.4294 	54.0 
38.9919 	48.4519 	13.7 
41.8812 	47.9597 	12.5 
39.4708 	45.2702 	10.0 
40.6821 	48.5023 	7.1 
38.6560 	49.5988 	50.4 
40.8559 	46.8174 	18.1 
40.8264 	46.8276 	23.1 
40.0331 	46.5525 	9.4 
38.5519 	44.9787 	2.5 
38.9109 	48.6270 	17.4 
38.8766 	48.5756 	18.7 
40.6647 	46.0298 	9.9 
40.8989 	49.2286 	43.3 
40.5968 	47.6579 	22.6 
40.2920 	46.5551 	15.1 
38.6151 	45.0176 	9.8 
38.6826 	46.6888 	10.0 
41.0330 	48.1324 	31.2 
41.1742 	45.8860 	16.2 
38.6255 	48.6568 	34.6 
41.7648 	45.5206 	13.7 
39.1260 	47.5983 	15.8 
38.7798 	48.5154 	27.5 
40.7541 	48.4481 	11.6 
39.9812 	48.6172 	8.2 
41.8478 	45.6322 	7.3 
40.6716 	46.0723 	3.0 
38.5243 	45.4363 	5.0 
41.0810 	46.3801 	13.1 
39.0992 	46.0866 	10.2 
38.6888 	46.7040 	9.6 
38.4719 	48.3624 	6.1 
40.2374 	45.9685 	4.8 
40.0192 	48.1497 	54.0 
41.8225 	46.3369 	2.6 
40.3277 	46.7298 	16.4 
41.3916 	46.9815 	8.5 
42.0285 	47.9439 	19.6 
41.9394 	48.3131 	62.6 
38.8188 	45.3278 	9.9 
38.6356 	45.5490 	16.4 
40.6483 	46.0588 	12.9 
38.5133 	48.9756 	49.1 
38.5422 	44.7898 	3.3 
40.2909 	47.0101 	15.2 
41.9927 	46.1345 	18.7 
39.0871 	46.4500 	27.8 
41.7584 	45.7227 	14.5 
41.6350 	45.8154 	10.2 
38.4210 	45.1639 	7.6 
38.4973 	45.1371 	5.9 
41.8120 	50.0258 	5.9 
38.4186 	45.1861 	18.0 
40.6858 	48.3698 	15.1 
39.0736 	46.1373 	2.6 
38.9130 	48.5980 	10.5 
39.0775 	46.1301 	4.6 
40.7990 	48.5781 	7.3 
40.7014 	48.5772 	9.6 
40.7828 	48.6007 	8.5 
40.3024 	46.0397 	10.0 
41.6958 	48.0391 	7.6 
40.2147 	45.9611 	10.0 
39.7514 	45.4721 	22.9 
40.9106 	48.5397 	4.9 
39.1260 	48.6483 	39.3 
40.6340 	46.0303 	6.4 
39.4571 	45.4733 	15.1 
39.4248 	45.4025 	16.2 
39.4799 	45.4513 	10.5 
39.4414 	45.4242 	13.7 
42.1042 	47.5657 	17.7 
40.5468 	48.6277 	7.1 
39.5248 	45.5474 	14.7 
39.1599 	46.1758 	2.1 
39.4992 	45.5204 	12.1 
40.9137 	48.4668 	4.9 
39.5130 	45.5020 	13.9 
38.2225 	45.3225 	10.0 
40.2287 	49.6501 	62.4 
41.0915 	48.9595 	45.0 
37.9090 	47.0160 	5.0 
41.1735 	50.0510 	42.9 
40.3662 	45.6997 	18.7 
41.7821 	48.4446 	26.0 
40.9794 	48.0098 	42.7 
38.0074 	48.3515 	4.5 
41.1088 	48.0327 	10.0 
41.1027 	48.0550 	9.4 
41.0588 	45.9526 	10.5 
40.0482 	45.6120 	3.1 
40.7906 	48.5774 	5.9 
38.3568 	44.4321 	1.1 
38.3779 	46.9100 	17.0 
38.7676 	46.6962 	9.0 
38.8097 	46.7348 	11.8 
40.5183 	45.2921 	10.4 
40.5066 	45.4269 	8.0 
40.4658 	45.2786 	10.0  
40.5391 	45.3073 	2.6 
40.4993 	45.3637 	5.2 
40.5083 	45.3494 	7.5 
38.9980 	49.0989 	22.7 
40.5235 	45.2893 	9.3 
40.5103 	45.3044 	7.4 
40.5348 	45.2718 	8.6 
40.5500 	45.3024 	5.8 
38.9196 	48.6301 	12.8 
40.9190 	48.4480 	4.2 
40.5200 	45.3275 	3.6 
40.5247 	45.3182 	5.1 
40.9363 	48.4612 	3.5 
40.9141 	48.4824 	5.4 
40.5086 	45.3438 	5.4 
40.9056 	48.4691 	3.0 
40.4983 	45.4117 	4.7 
40.4961 	45.3671 	7.8 
40.2500 	48.8912 	31.4 
40.2715 	48.8057 	2.0 
40.2988 	48.7387 	3.0 
40.2660 	48.7599 	3.0 
38.3844 	45.5294 	10.6 
41.4488 	46.3752 	16.9 
40.5174 	45.2818 	6.1 
40.1814 	48.7587 	2.7 
40.2399 	45.9567 	10.0 
40.2460 	45.9163 	14.1 
41.2736 	48.6917 	4.9 
40.5235 	45.3525 	3.4 
38.8202 	46.7427 	10.3 
40.5202 	45.3126 	10.1 
38.4045 	46.8587 	0.5 
39.2133 	48.2768 	26.2 
41.0464 	48.6021 	10.2 
41.7391 	49.1272 	15.6 
40.5332 	45.3335 	10.9 
40.5303 	45.2769 	2.3 
41.7954 	45.8001 	9.0  
40.1594 	49.3374 	33.3 
40.7819 	47.9924 	36.6 
39.1836 	48.9838 	6.2 
41.2369 	45.9217 	10.3 
41.0591 	45.7594 	13.7 
40.7362 	48.9191 	39.1 
38.8060 	46.7470 	10.7 
41.7855 	45.3102 	3.6 
40.5061 	45.3683 	5.0 
40.2739 	45.8396 	4.9 
41.3373 	48.1464 	37.6 
39.9345 	45.0733 	5.0 
41.8389 	46.0554 	8.7 
40.5007 	45.3282 	7.6 
39.1196 	46.0997 	5.2 
41.2016 	49.6882 	48.0 
40.5054 	45.3529 	7.6 
39.1451 	46.1538 	4.0 
41.2709 	48.4347 	10.0 
38.1307 	47.7240 	9.2 
39.9525 	48.1311 	41.1 
39.1420 	46.1255 	5.0 
39.9875 	48.2190 	53.8 
37.7294 	47.5937 	2.9 
40.6827 	46.1272 	6.8 
38.0321 	47.9892 	6.1 
40.4042 	49.1422 	53.6 
41.9442 	47.9073 	4.6 
38.5686 	46.9072 	15.2 
41.2475 	49.4635 	49.1 
39.5430 	48.3559 	37.8 
38.7515 	48.5254 	20.0 
38.7038 	46.8771 	4.4 
39.2869 	45.5727 	7.3 
39.3419 	47.3774 	21.5 
38.7748 	48.6226 	13.8 
40.5054 	45.2873 	8.3 
38.6862 	46.7072 	10.0 
40.2096 	45.9907 	8.1 
38.9517 	46.4452 	5.1 
38.1475 	49.1005 	41.2 
38.5032 	45.0670 	7.3 
40.2019 	49.5819 	55.0 
41.2279 	45.4451 	24.9 
38.1180 	48.0567 	7.2 
38.4885 	45.0646 	6.9 
38.7229 	48.5551 	12.3 
38.5288 	45.0590 	7.8 
41.5103 	49.9828 	36.1 
41.6397 	45.3186 	8.5 
41.2562 	45.4977 	13.6 
41.6426 	46.4179 	18.2 
41.5841 	46.4445 	14.9 
40.8934 	48.5264 	10.0 
40.2254 	45.9592 	10.1 
38.3480 	44.5052 	10.6 
40.7114 	46.1226 	10.3 
41.0098 	45.8261 	10.0 
38.4284 	46.7737 	9.4 
38.5136 	45.1502 	6.1 
41.2612 	45.8291 	2.8 
41.1092 	49.5192 	73.5 
40.5539 	48.6295 	5.5 
40.5325 	48.6411 	12.2 
40.5473 	48.6252 	5.9 
40.5247 	48.6833 	25.8 
40.5330 	48.6178 	6.2 
40.5474 	48.5957 	6.6 
40.5288 	48.6164 	7.3 
41.4997 	46.5934 	12.1 
38.4415 	46.6170 	10.6 
40.5533 	48.6238 	12.1 
40.5580 	48.6252 	7.5 
40.5526 	48.6229 	6.3 
41.5163 	47.7238 	20.3 
40.5458 	48.6279 	5.6 
40.7100 	45.7567 	50.0 
41.4597 	46.7541 	12.0 
40.6280 	46.0406 	8.4 
41.2359 	45.5129 	11.4 
39.6726 	48.1480 	21.5 
41.8705 	49.8981 	37.8 
39.0933 	46.1272 	10.1 
40.0718 	49.6954 	36.3 
39.2648 	46.0067 	8.0 
40.5183 	45.2957 	3.6 
38.6972 	46.1681 	6.4 
40.8475 	47.7034 	28.3 
38.7256 	46.6851 	10.0 
41.5580 	48.5821 	3.2 
40.3306 	48.2023 	52.0 
39.0887 	46.1346 	3.0 
38.6983 	46.6770 	9.6 
38.2218 	49.3194 	25.7 
41.7544 	44.9719 	11.3 
38.1938 	48.8517 	3.2 
39.8785 	45.0422 	10.6 
41.4491 	46.6978 	22.7 
39.3068 	45.6823 	8.1 
40.0791 	45.2521 	16.3 
38.9208 	48.6048 	20.6 
39.0496 	49.0549 	20.2 
38.9213 	48.6670 	10.0 
39.3730 	48.0103 	12.8 
41.7253 	44.9866 	3.3 
38.7551 	46.7038 	10.1 
39.0861 	49.0943 	20.9 
39.0368 	48.9790 	4.2 
41.0944 	48.9494 	3.6 
41.2454 	45.5001 	20.4 
38.7180 	46.6981 	10.1 
38.7881 	48.7319 	36.9 
38.9993 	48.9734 	6.2 
39.7487 	48.8335 	2.4 
41.5401 	47.8587 	31.7 
39.7251 	48.9112 	3.0 
38.1516 	46.7649 	7.0 
41.1998 	45.5571 	29.6 
38.6003 	45.0661 	5.1 
38.4443 	45.1199 	10.1 
40.9029 	48.5171 	7.3 
40.9178 	48.4899 	6.5 
39.8986 	45.3000 	4.7 
38.6222 	46.8434 	10.1 
38.5281 	48.2442 	6.9 
41.5253 	47.4275 	12.8 
40.2129 	45.9516 	6.3 
41.8914 	47.2571 	13.5 
40.1724 	45.1374 	5.0 
41.2496 	45.5027 	13.6 
41.2157 	45.6233 	8.7 
38.7977 	48.5539 	30.0 
41.2699 	45.5056 	15.8 
39.3635 	49.2983 	24.5 
38.9731 	48.7176 	36.4 
41.2617 	45.4808 	20.5 
38.8323 	48.5150 	17.5 
39.8166 	44.9856 	1.6 
39.7953 	48.1105 	21.7 
39.8314 	44.9665 	3.4 
40.6608 	46.1002 	2.9 
38.9319 	48.6801 	27.6 
40.1718 	47.3021 	32.0 
39.2776 	48.1614 	24.0 
40.9217 	48.4593 	7.1 
40.2952 	45.8228 	10.0 
41.2233 	45.4742 	20.5 
39.1202 	46.1169 	2.8 
38.6895 	46.6769 	11.5 
40.6914 	47.8921 	44.0 
40.8174 	48.0308 	38.1 
38.7622 	46.5544 	7.0 
40.2275 	46.0087 	4.4 
40.1926 	46.0183 	17.3 
39.6967 	48.3265 	49.0 
40.2204 	45.9841 	10.1 
39.1592 	48.5289 	35.9 
37.0730 	48.9253 	10.0  
38.2060 	48.7671 	29.9 
41.0493 	48.9557 	10.0 
41.2611 	45.4654 	18.5 
41.6722 	49.2507 	42.5 
39.1302 	48.5633 	28.8 
41.2653 	45.4804 	20.5 
40.6287 	46.0532 	2.4 
40.2475 	47.6240 	36.7 
39.9279 	48.1119 	45.0 
40.2285 	45.9384 	9.8 
39.0211 	46.4523 	32.4 
41.1226 	48.7495 	12.7 
39.6131 	44.6428 	12.0 
40.2308 	48.7938 	3.0 
39.0971 	46.1190 	4.6 
39.0676 	46.1054 	5.3 
41.3665 	48.5089 	28.2 
40.6932 	48.4869 	8.5 
40.4753 	45.4347 	2.9 
40.6129 	46.0079 	9.2 
40.7133 	46.1519 	10.7 
41.3833 	46.3506 	26.7 
38.6685 	46.8688 	14.3 
40.8933 	47.3372 	40.4 
42.0698 	46.6263 	48.4 
40.9350 	48.2306 	38.8 
40.6111 	46.0787 	8.9 
41.9383 	45.8430 	16.3 
38.2041 	46.1895 	17.0 
38.1991 	46.1975 	9.7 
38.1910 	46.1800 	5.9 
38.1971 	46.1070 	5.4 
38.1992 	46.1673 	4.6 
38.2407 	46.1788 	2.3 
38.2266 	46.1294 	2.1 
38.2108 	46.1049 	10.0  
38.2363 	46.1659 	5.1 
38.2249 	46.1487 	6.0 
38.1581 	46.1581 	10.0  
38.1676 	46.1943 	14.9 
39.4998 	45.1931 	2.9 
38.3072 	46.0696 	26.4 
39.1333 	46.1308 	8.6 
38.1994 	46.1230 	3.5 
38.9560 	48.6060 	16.0 
41.4468 	49.1420 	64.4 
41.2193 	45.6223 	10.7 
38.7002 	48.6320 	17.5 
41.8581 	46.2772 	17.5 
40.2576 	45.9626 	10.0 
38.7826 	46.7223 	10.0 
38.5184 	45.0651 	10.9 
38.3210 	46.1010 	13.7 
40.2065 	45.9878 	11.9 
38.1125 	48.0391 	10.0 
41.0886 	45.8118 	16.2 
39.7881 	45.1012 	9.4 
39.9297 	45.0355 	3.1 
38.4303 	46.6496 	9.1 
39.0773 	47.5457 	9.9 
41.0359 	45.0544 	28.2 
40.2443 	46.0007 	6.5 
40.5082 	45.3756 	5.0 
38.6934 	48.5475 	23.8 
40.5240 	48.6498 	4.8 
40.5306 	48.6699 	17.4 
40.5747 	48.7012 	17.7 
38.0613 	48.9842 	1.1 
40.5419 	48.6671 	5.2 
40.5390 	48.6593 	5.3 
40.4419 	49.0470 	45.4 
41.0558 	47.3029 	29.4 
38.8731 	44.6780 	2.5 
41.6868 	46.8989 	10.1 
38.7772 	48.5651 	21.9 
39.6030 	46.8405 	10.5 
38.7607 	48.5674 	20.0 
41.2657 	45.5130 	17.7 
40.7599 	48.4890 	10.5 
41.8177 	48.8961 	76.7 
39.7316 	46.7323 	6.6 
40.5382 	48.5225 	16.8 
38.6290 	46.6553 	6.3 
40.5297 	48.6635 	3.5 
38.3257 	46.2180 	3.0 
41.3789 	46.1936 	27.2 
38.7149 	46.6802 	9.9 
39.9377 	45.0237 	15.3 
39.2430 	45.2197 	11.4 
40.1037 	46.8157 	9.7 
40.7139 	48.4338 	8.1 
40.6278 	46.1107 	4.1 
40.7264 	48.4637 	15.2 
39.2509 	45.5658 	8.6 
41.3970 	49.2548 	62.0 
40.6440 	46.0981 	4.1 
39.7081 	46.7487 	7.0 
39.7014 	47.5282 	16.5 
39.6300 	49.7100 	2.0 
40.2176 	45.9891 	10.5 
39.6907 	46.7748 	8.1 
38.5024 	45.1885 	37.7 
39.2477 	48.2170 	27.2 
40.7816 	49.0393 	35.9 
38.7262 	46.6882 	10.0 
38.5139 	45.2884 	10.0 
38.5811 	45.3436 	10.0 
39.7007 	46.7539 	10.5 
39.6500 	45.2167 	10.0 
40.4889 	45.4527 	8.2 
40.4178 	50.2729 	70.2 
41.1154 	47.9522 	10.3 
41.5252 	49.3838 	24.7 
40.7617 	47.8829 	29.5 
40.6084 	46.0644 	3.1 
39.6962 	46.7275 	6.2 
40.7194 	48.4009 	6.2 
40.7394 	48.3891 	9.5 
40.7244 	48.3654 	10.6 
40.7495 	48.3990 	8.1 
40.8841 	48.7177 	4.5 
38.6688 	46.8728 	10.8 
38.4287 	45.1289 	5.9 
38.7156 	46.6738 	4.3 
38.7284 	46.6520 	10.1 
41.3519 	47.8208 	11.4 
38.9795 	48.4425 	23.3 
38.6397 	46.6601 	10.6 
39.7199 	46.7356 	11.2 
41.9584 	49.1489 	43.1 
40.2480 	47.6623 	33.9 
38.8389 	48.3904 	12.5 
38.8811 	48.6840 	32.6 
38.6875 	48.6365 	22.8 
38.6943 	48.6360 	17.8 
40.5015 	45.2576 	5.8 
39.0752 	46.1106 	13.0 
40.7223 	46.0820 	5.1 
38.8761 	48.5025 	15.9 
38.6080 	48.9014 	45.6 
39.3145 	45.1938 	7.4 
40.3179 	47.2728 	32.9 
41.8808 	46.3111 	16.0 
41.8767 	46.2864 	9.0 
41.4419 	49.2984 	21.8 
38.4533 	45.6555 	20.2 
40.4194 	46.9905 	26.0 
40.7917 	47.8861 	38.7 
38.6644 	44.7132 	6.5 
39.4282 	47.8652 	15.8 
41.5548 	47.6297 	7.6 
40.1846 	49.9914 	58.2 
40.6979 	46.1333 	3.6 
39.0001 	48.6087 	19.6 
38.6670 	46.6903 	10.0 
40.4434 	49.5175 	42.6 
38.6083 	45.6105 	7.9 
38.8662 	48.6861 	25.0 
39.9491 	48.2017 	52.2 
38.7072 	46.6669 	10.0 
39.4909 	47.3874 	8.1 
40.2043 	47.1126 	28.0 
38.5531 	48.8589 	31.2 
38.4900 	45.7920 	8.6 
40.8411 	46.8220 	15.7 
40.4205 	48.7707 	1.7 
40.4457 	48.7903 	1.7 
38.6780 	48.6160 	28.0 
41.5635 	46.5376 	12.2 
40.3984 	48.3390 	2.9 
40.8757 	47.6443 	41.5 
40.8832 	46.8252 	18.8 
38.9394 	48.6275 	21.5 
39.5722 	49.6670 	51.0 
40.1578 	47.4937 	38.5 
40.6216 	46.0591 	3.2 
39.4017 	49.5510 	51.6 
38.6979 	48.7522 	33.6 
42.0438 	47.3983 	13.5 
40.1167 	45.0333 	10.0 
38.4519 	45.1640 	10.0 
42.0485 	46.1536 	15.2 
38.8191 	48.6688 	38.2 
40.6568 	46.0614 	4.6 
41.0597 	45.9981 	10.1 
39.4304 	48.9596 	20.3 
42.1779 	45.9607 	13.0 
41.1821 	48.3176 	45.0 
38.9427 	48.5658 	20.4 
40.5258 	45.3017 	9.1 
42.1618 	45.9699 	4.4 
38.3330 	44.9052 	1.4 
38.3351 	44.8987 	3.3 
41.7451 	47.3645 	21.9 
37.9090 	46.8466 	6.6 
38.8328 	48.6067 	7.9 
40.9926 	47.2584 	33.7 
40.4413 	48.6987 	19.7 
41.3466 	46.7014 	10.0 
38.4376 	45.2615 	10.0  
38.4168 	45.2799 	2.0 
38.0424 	45.6421 	20.5 
41.1528 	46.1625 	7.7 
38.6605 	46.6543 	9.7 
39.7284 	48.2567 	21.3 
41.7963 	45.0892 	12.2 
38.6379 	48.5709 	25.2 
40.6261 	46.0846 	9.5 
38.5310 	45.4641 	2.0 
40.0869 	49.9227 	44.3 
38.3762 	45.6101 	15.4 
40.3431 	45.7633 	12.1 
40.7815 	47.9299 	36.2 
38.8335 	45.0410 	25.1 
39.0605 	49.1580 	6.0 
38.8156 	48.7979 	43.3 
40.8272 	48.1670 	10.5 
38.6043 	48.5987 	25.2 
41.5835 	49.1581 	22.6 
42.0411 	47.9900 	14.1 
39.4700 	48.8553 	46.5 
41.8396 	48.9870 	13.5 
41.1285 	48.9492 	9.0 
39.1030 	46.0887 	5.0 
41.5564 	46.6385 	4.3 
39.4506 	47.3564 	5.3 
40.7273 	48.3951 	5.9 
38.7106 	48.8649 	37.1 
38.6601 	48.7737 	39.0 
41.4293 	48.5676 	25.4 
41.4500 	48.7266 	6.6 
38.9632 	48.5601 	18.2 
38.9332 	48.6194 	9.0 
38.8949 	49.0364 	42.3 
38.0634 	47.9706 	10.0  
41.8816 	49.0551 	19.7 
41.6243 	47.7869 	9.5 
41.2170 	45.6188 	9.8 
38.7138 	48.5681 	15.8 
39.3368 	48.0977 	21.9 
41.1685 	49.0479 	4.7 
40.4391 	48.0912 	22.0 
39.7231 	46.6302 	9.9 
38.1979 	48.3673 	0.3 
39.8176 	47.5995 	28.2 
40.8572 	46.8210 	22.9 
38.1996 	48.5863 	17.2 
38.4839 	46.8224 	10.0 
38.5631 	46.8558 	9.9 
38.1692 	48.3116 	5.4 
39.3974 	48.4132 	33.6 
40.1655 	49.5600 	62.5 
40.2483 	45.9577 	10.4 
41.2558 	45.8168 	7.4 
41.5628 	46.3898 	34.3 
38.8888 	46.2008 	9.4 
41.6262 	48.2607 	16.2 
38.1657 	48.0851 	4.5 
38.1764 	48.0794 	4.9 
38.9024 	46.2200 	10.4 
41.4822 	45.0526 	21.2 
38.9203 	48.6338 	22.0 
41.7427 	46.3135 	3.4 
38.9300 	46.2200 	5.6 
40.0337 	48.8223 	6.1 
40.5499 	48.6367 	6.0 
40.5582 	48.5967 	5.1 
41.8079 	47.9106 	10.4 
38.8393 	48.5415 	24.9 
40.7497 	48.3925 	12.6 
38.2440 	48.3971 	2.8 
38.2533 	48.4018 	2.9 
39.1245 	48.3093 	20.1 
41.4147 	45.4242 	10.1 
40.7361 	48.3876 	10.4 
38.7049 	46.9276 	10.0 
41.0018 	49.8072 	37.6 
42.0519 	46.0592 	13.2 
38.4338 	46.6482 	4.0 
40.3300 	45.9602 	9.0 
38.0437 	48.0327 	5.2 
38.3060 	45.7210 	17.6 
39.1129 	46.1343 	3.9 
38.9183 	46.1704 	12.0 
41.2732 	45.6674 	4.1 
38.4808 	45.3686 	10.0 
38.8668 	46.8007 	11.2 
38.2078 	48.7320 	4.4 
38.2025 	46.1828 	14.9 
41.3199 	45.5662 	10.8 
40.2347 	45.9208 	4.3 
39.1674 	46.1164 	12.3 
39.1259 	46.0776 	15.0 
39.1625 	46.1063 	10.3 
39.1157 	46.0862 	9.2 
39.0983 	46.0893 	6.0 
39.1072 	46.0863 	6.8 
40.9947 	49.1648 	6.5 
41.1367 	45.5552 	18.7 
41.0259 	47.1914 	17.2 
38.4898 	49.3035 	50.1 
40.6619 	48.5822 	31.8 
40.6434 	48.5773 	42.7 
40.6267 	48.5557 	37.1 
40.6354 	48.5146 	39.4 
40.7263 	48.0130 	37.2 
39.3900 	49.0969 	10.3 
40.9176 	48.4344 	5.8 
41.1245 	47.3589 	10.6 
40.0471 	46.0148 	15.0 
41.9697 	49.1611 	11.5 
39.5410 	49.1890 	28.0 
39.0520 	48.5020 	28.0 
38.2634 	49.2579 	40.7 
39.7030 	46.6831 	10.1 
39.0634 	46.1402 	5.1 
38.3188 	48.4905 	4.9 
41.5719 	47.4277 	22.2 
40.8480 	47.0997 	22.8 
41.8098 	46.3669 	9.6 
38.4889 	46.5720 	9.3 
40.6162 	48.5588 	14.0 
40.9519 	48.1111 	11.7 
41.0660 	45.7015 	10.0 
38.5363 	45.4180 	3.0 
38.8606 	49.2948 	46.8 
38.5817 	46.7342 	12.8 
41.7848 	46.8656 	54.5 
41.1594 	46.9177 	13.9 
38.6801 	48.6640 	23.0 
40.0728 	45.9081 	6.7 
38.5277 	46.5533 	10.0 
41.6738 	45.8663 	7.1 
39.3015 	47.9182 	7.1 
39.9329 	48.9219 	45.0 
38.5846 	46.8902 	10.7 
40.5277 	45.2755 	12.2 
39.3679 	48.7054 	11.8 
41.8607 	49.2654 	23.9 
39.7074 	46.6688 	10.2 
39.7647 	46.6425 	10.3 
41.7979 	48.8342 	62.0 
41.0198 	48.1374 	20.4 
38.9385 	48.5884 	10.8 
38.4956 	46.6091 	10.0 
41.0340 	49.8679 	45.0 
39.7352 	48.3865 	62.9 
40.7796 	48.3348 	9.6 
39.2465 	48.5312 	38.2 
41.2786 	46.3524 	8.5 
41.0734 	46.1225 	10.0 
39.6057 	48.5389 	51.0 
39.7173 	46.7098 	10.5 
40.2991 	46.0571 	9.8 
41.8689 	48.6369 	50.7 
40.6474 	48.0143 	44.4 
39.9139 	45.5232 	9.5 
39.9493 	45.5502 	1.1 
39.8720 	45.6240 	7.1 
39.9530 	45.6188 	4.3 
41.8969 	48.8746 	60.0 
39.6543 	48.8944 	3.0 
40.2539 	48.9820 	4.0 
40.5871 	49.6049 	72.0 
40.4820 	46.2017 	10.0 
38.0824 	46.9601 	10.0 
40.3598 	48.7347 	2.4 
40.3644 	48.6837 	2.0 
38.7296 	46.7111 	0.0 
38.7296 	46.7111 	0.0 
39.1270 	47.5234 	29.8 
38.8172 	48.5132 	16.0 
39.7311 	48.4641 	24.1 
41.4245 	45.5878 	17.6 
39.1350 	46.5619 	0.5 
40.2950 	48.6394 	39.4 
41.1025 	48.8573 	7.4 
41.9276 	49.3663 	32.7 
40.8717 	46.7296 	22.6 
37.6346 	48.1231 	10.0  
38.8694 	48.6538 	9.3 
38.4375 	46.7159 	8.8 
38.3776 	47.9313 	9.1 
39.5306 	49.0998 	22.1 
40.5267 	45.2681 	3.3 
38.4735 	45.4950 	9.9 
41.6829 	48.3844 	23.6 
39.3259 	46.0697 	5.1 
39.1595 	46.5984 	10.4 
40.2790 	45.9529 	4.1 
38.9279 	48.6233 	18.7 
38.9359 	48.5667 	19.4 
41.7570 	46.4518 	2.9 
38.5950 	46.8653 	10.3 
39.8593 	45.2621 	5.0 
41.7707 	49.1097 	64.1 
41.8292 	47.9974 	13.4 
41.7104 	49.7135 	41.1 
40.9280 	48.4170 	5.1 
40.6465 	46.2143 	17.8 
41.5383 	47.5190 	9.6 
40.7216 	48.5107 	10.0 
37.9848 	46.3615 	2.6 
38.0412 	46.3595 	10.0 
39.7106 	46.6430 	7.5 
41.8834 	48.9213 	34.1 
38.0560 	47.9770 	11.5 
38.0254 	46.3585 	14.3 
40.7583 	48.4729 	9.5 
39.7210 	46.7380 	10.1 
40.1012 	49.9043 	62.0 
39.5041 	48.9921 	22.8 
39.7210 	46.6245 	16.6 
38.9182 	48.6098 	7.2 
39.2332 	47.2817 	21.3 
38.4444 	46.6972 	10.3 
41.9789 	48.9344 	6.4 
40.2759 	48.7126 	8.7 
40.4914 	48.7493 	2.6 
40.9824 	49.8864 	40.0 
38.5188 	49.4375 	36.7 
38.3150 	47.6236 	8.3 
38.0344 	48.4029 	10.2 
40.3211 	47.1009 	31.6 
40.0249 	48.8150 	31.5 
38.9026 	48.5938 	25.2 
39.1131 	46.1452 	0.0 
38.0487 	48.0514 	10.0  
40.9204 	48.0177 	7.1 
40.9127 	48.0166 	7.5 
41.1323 	47.3703 	9.9 
38.0150 	46.3780 	8.3 
38.1134 	48.1026 	6.4 
38.0093 	47.9800 	9.8 
41.5722 	48.7455 	2.0 
41.5885 	47.4806 	24.9 
40.2660 	48.7657 	9.2 
40.6329 	46.9694 	17.1 
38.5314 	46.8343 	10.0 
41.8442 	46.6075 	16.9 
38.1320 	47.2850 	13.8 
38.8368 	48.8135 	34.7 
41.6002 	47.8505 	9.5 
38.3317 	49.3861 	15.7 
38.4184 	45.7345 	10.0 
39.7621 	46.6373 	14.9 
40.4579 	46.7142 	15.7 
38.8354 	48.5992 	19.4 
40.9361 	48.4348 	5.4 
39.5795 	45.0179 	13.0 
40.9305 	48.4351 	3.7 
38.4234 	46.1264 	17.6 
40.6743 	48.4258 	10.6 
40.9964 	49.9251 	73.7 
38.9511 	48.4797 	26.8 
39.1649 	48.3695 	25.5 
39.1107 	46.1190 	0.0 
38.8687 	48.5029 	17.0 
41.8026 	48.9314 	27.1 
39.6601 	44.9960 	16.0 
38.7588 	48.5991 	23.3 
40.2825 	48.6685 	3.8 
38.4198 	46.7240 	10.0 
39.1129 	46.1340 	0.0 
41.6069 	46.6142 	14.1 
38.0620 	47.9620 	6.0 
38.4475 	45.3791 	14.4 
41.5205 	46.5470 	7.6 
38.8113 	46.6378 	0.0 
41.3565 	46.4894 	15.0 
39.0971 	46.1012 	0.0 
38.4280 	45.1873 	10.0 
41.0161 	49.9415 	51.2 
40.6928 	46.8278 	15.3 
39.8609 	49.0220 	13.9 
39.8229 	49.1076 	13.6 
38.7197 	46.7267 	0.0 
39.1142 	46.1147 	0.0 
39.8396 	49.1046 	4.3 
40.4391 	48.7051 	10.1 
39.7590 	49.6707 	57.6 
38.3329 	49.5432 	24.6 
40.7068 	47.8798 	35.0 
41.5339 	46.5398 	10.0 
38.6281 	48.6036 	16.8 
39.3886 	47.9804 	10.4 
41.9383 	46.1817 	7.3 
40.8079 	48.0288 	33.1 
38.4262 	45.1877 	10.1 
38.7653 	48.5191 	23.8 
39.0975 	46.1013 	0.0 
40.6087 	48.6604 	12.2 
40.6126 	48.6395 	13.3 
40.2713 	48.7522 	3.4 
38.3641 	45.7275 	10.0 
40.6963 	47.0060 	27.8 
38.2913 	47.5411 	10.3 
41.1468 	47.0068 	24.4 
38.8003 	48.4674 	28.7 
38.6447 	48.5841 	20.5 
38.8696 	48.5131 	18.1 
40.5938 	49.6854 	62.0 
41.1340 	49.1598 	52.9 
37.8984 	46.9933 	5.8 
38.4535 	45.6526 	3.8 
40.5899 	47.0608 	25.0 
41.0352 	45.9417 	0.4 
41.8810 	45.8854 	17.7 
38.4765 	46.7485 	10.3 
42.0002 	46.0306 	4.5 
38.1157 	48.8599 	43.3 
40.5443 	52.1283 	30.6 
39.4920 	49.0411 	18.7 
41.8502 	48.6416 	41.5 
41.7577 	48.8207 	31.9 
40.6753 	48.5439 	13.6 
38.0261 	48.9808 	36.0 
41.2363 	48.7238 	27.8 
38.7971 	46.0900 	9.2 
38.4815 	45.2667 	35.9 
38.7200 	46.1100 	15.3 
38.2970 	48.5054 	14.0 
39.2817 	48.3524 	42.1 
40.5126 	48.0890 	16.1 
39.1186 	46.1164 	0.0 
41.8701 	46.0857 	15.5 
40.0783 	48.6314 	49.0 
39.8778 	45.3054 	5.4 
40.6606 	48.4780 	6.2 
39.1080 	46.1080 	0.0 
41.0261 	48.5955 	13.0 
40.1509 	48.0477 	43.4 
40.9736 	48.6555 	9.9 
39.1122 	46.1175 	0.0 
41.0031 	48.6547 	10.0 
40.9794 	48.4430 	10.0 
40.7611 	47.8582 	24.4 
41.6603 	46.8100 	19.6 
40.7734 	47.0096 	27.4 
38.1751 	48.0339 	9.8 
39.8584 	45.8649 	9.2 
41.3329 	46.3233 	26.1 
39.5324 	49.0759 	39.3 
40.7089 	47.9177 	44.0 
41.0698 	48.0696 	43.8 
40.2087 	46.1605 	10.0 
38.4523 	45.4049 	6.9 
38.0790 	47.2580 	8.0 
41.3134 	46.3447 	26.0 
40.9442 	49.8694 	7.3 
38.0410 	48.0040 	5.0 
41.0948 	46.4344 	17.8 
41.9941 	46.0416 	19.1 
38.8180 	48.5399 	8.8 
38.4791 	46.8295 	10.0 
39.1492 	48.4028 	18.2 
38.4354 	48.9601 	48.9 
40.2368 	45.9809 	0.0 
40.4938 	46.7566 	17.8 
38.3794 	45.0525 	3.7 
38.0225 	48.0451 	7.9 
38.1267 	48.0785 	7.4 
41.0052 	48.3353 	42.5 
40.3300 	49.8700 	25.3 
38.0447 	49.0144 	35.1 
41.7305 	49.2962 	18.2 
38.2094 	47.8239 	8.3 
39.5406 	48.4837 	52.3 
40.2439 	45.9760 	0.0 
40.3469 	45.8621 	5.2 
40.6861 	48.7154 	40.2 
41.3169 	45.9144 	23.3 
38.4149 	45.1493 	9.8 
39.5608 	48.3301 	51.5 
39.1110 	46.1060 	0.0 
39.0819 	48.1636 	29.2 
40.5180 	45.3190 	5.1 
38.7787 	48.6070 	11.6 
41.4575 	48.2601 	16.5 
40.9457 	45.3635 	5.3 
40.3490 	46.4295 	13.7 
41.3251 	45.9237 	26.4 
41.1722 	48.4970 	2.2 
40.2959 	47.3689 	32.6 
38.0105 	49.5633 	43.5 
39.1422 	46.1263 	0.0 
39.9432 	45.0458 	5.0 
38.3832 	46.7747 	10.0 
39.8830 	49.4977 	52.1 
40.1956 	50.0217 	62.2 
40.1470 	48.8934 	21.2 
40.1061 	48.6991 	1.6 
38.8081 	48.6857 	23.2 
41.2520 	49.4767 	62.0 
40.4685 	45.2713 	13.7 
41.8931 	46.4471 	7.6 
38.7619 	48.5682 	27.8 
41.6179 	48.4863 	36.6 
37.0336 	49.0076 	10.0  
39.0398 	48.5912 	37.8 
38.9100 	48.6304 	11.6 
38.3273 	45.7957 	15.1 
40.0674 	45.2697 	5.1 
38.4688 	49.0990 	32.9 
40.4496 	45.2562 	8.0 
38.6339 	48.5537 	31.7 
40.5070 	48.5967 	5.0 
40.1861 	48.8767 	50.0 
37.9812 	48.6350 	12.7 
40.5097 	45.4811 	5.9 
40.7777 	48.5564 	7.7 
39.3500 	48.3968 	32.1 
41.7058 	47.7480 	19.4 
38.6130 	46.8486 	0.0 
40.2431 	45.9795 	0.0 
41.8675 	46.5667 	15.1 
38.6945 	48.5125 	23.4 
41.2931 	48.3446 	52.0 
38.6795 	48.5739 	10.0 
38.4321 	45.7443 	15.9 
41.1067 	46.4023 	15.9 
38.8012 	46.7374 	0.0 
40.6726 	48.6181 	34.3 
38.3770 	45.7600 	5.0 
41.1157 	43.9287 	7.0 
38.7707 	48.5680 	10.6 
40.9792 	48.2452 	3.5 
40.9532 	48.2612 	4.7 
41.6411 	49.1002 	56.5 
38.3010 	45.7850 	18.0 
41.9214 	48.7270 	5.2 
41.6853 	48.8130 	53.6 
41.2039 	48.3772 	37.5 
39.6371 	46.5163 	9.7 
40.9443 	47.9514 	7.6 
38.8230 	48.4900 	26.1 
38.7105 	45.0037 	9.5 
40.8645 	46.3736 	19.6 
40.0831 	48.9909 	25.0 
41.2019 	46.1186 	17.9 
41.0046 	46.2513 	10.0 
41.8491 	46.2259 	15.8 
39.3571 	47.0179 	6.6 
41.9432 	46.0820 	19.0 
41.9462 	46.1055 	14.7 
40.6484 	46.8858 	20.1 
40.6482 	46.8843 	30.8 
40.6284 	46.8959 	31.7 
41.9588 	46.1328 	18.6 
39.3427 	46.9388 	9.9 
39.3046 	49.2905 	25.8 
40.9303 	46.1699 	9.7 
39.3067 	49.2823 	53.5 
38.3850 	46.9016 	8.7 
38.3654 	46.8861 	14.6 
38.0770 	48.2090 	6.0 
41.2908 	46.3598 	10.0 
40.7905 	46.9412 	29.3 
41.9282 	46.1131 	14.6 
41.9629 	46.0795 	20.2 
41.3758 	49.6763 	36.7 
38.2724 	48.0015 	5.5 
38.3719 	45.6815 	14.3 
38.4501 	45.1371 	22.3 
41.3910 	45.9494 	10.2 
39.8919 	49.1673 	50.0 
39.9004 	49.1167 	50.1 
39.3454 	49.7801 	44.5 
40.6138 	48.5522 	7.3 
40.5998 	48.5606 	7.1 
38.1436 	48.2471 	5.8 
40.3084 	48.6797 	3.4 
40.8460 	46.7272 	25.1 
38.5564 	49.3255 	47.7 
38.5085 	45.2793 	32.7 
41.6163 	47.4792 	14.5 
41.7955 	46.5018 	14.1 
38.3956 	44.8914 	13.6 
40.9332 	48.4549 	41.6 
38.9159 	45.0258 	12.3 
40.6267 	47.8725 	36.6 
39.0812 	46.4801 	21.7 
38.8931 	48.5444 	18.8 
39.2291 	48.1670 	15.1 
41.0897 	46.4519 	32.1 
41.0708 	46.4919 	15.5 
38.0780 	48.6180 	10.9 
41.0799 	48.0076 	42.1 
39.2099 	48.1955 	15.3 
39.2436 	48.1822 	11.6 
39.0580 	45.7405 	8.5 
39.2145 	48.2091 	16.8 
39.2108 	48.2077 	15.2 
41.3495 	48.1932 	29.6 
39.5625 	46.5563 	9.9 
40.9759 	47.7370 	41.5 
41.1588 	46.9793 	23.0 
38.7641 	48.5823 	25.7 
40.3908 	48.2143 	50.0 
41.5142 	47.7218 	16.9 
38.7986 	48.6087 	35.2 
40.5963 	46.8995 	15.7 
40.6380 	46.8943 	22.0 
41.8830 	45.8744 	16.9 
40.8257 	49.5458 	9.6 
40.8078 	49.5447 	17.4 
38.8799 	48.8702 	33.3 
41.5748 	46.2288 	20.9 
41.3770 	49.2405 	59.0 
38.7622 	48.5073 	25.7 
38.3295 	49.2616 	39.2 
39.5320 	48.3048 	39.7 
38.3898 	46.6254 	9.3 
41.9941 	49.4798 	60.0 
40.4742 	49.2467 	23.6 
38.4427 	48.9449 	43.4 
39.9758 	48.2160 	52.0 
39.9687 	48.1756 	45.1 
38.7580 	46.8295 	0.0 
39.1023 	46.1302 	0.0 
40.6290 	48.1960 	43.5 
39.9909 	49.3021 	51.8 
38.8227 	46.7598 	0.0 
38.4310 	45.3462 	16.0 
39.1392 	48.6574 	8.3 
38.3644 	46.7568 	3.7 
40.2709 	48.8321 	10.2 
40.8495 	46.4199 	18.9 
40.9642 	45.4918 	11.7 
41.6361 	47.3329 	10.4 
38.7880 	48.3870 	9.1 
40.8763 	47.0643 	25.8 
40.6046 	48.5651 	6.7 
39.3263 	48.1190 	27.9 
38.7384 	48.5263 	26.4 
40.3287 	46.2753 	10.0 
38.8514 	48.5162 	13.3 
38.6948 	48.5843 	21.0 
38.5911 	46.8494 	16.9 
41.0395 	48.4650 	3.8 
39.5953 	46.5082 	19.2 
38.7669 	48.6642 	34.5 
40.2133 	46.4941 	17.2 
41.0840 	49.1377 	10.4 
38.0252 	48.0666 	4.4 
40.7362 	48.4803 	18.7 
39.1113 	46.0932 	0.0 
40.9523 	45.0093 	3.1 
38.7124 	48.5383 	33.0 
38.5937 	45.6993 	13.0 
40.3081 	48.4369 	48.5 
38.6950 	48.5232 	18.2 
41.4985 	48.4782 	46.8 
39.3777 	48.5392 	40.5 
38.0104 	48.4490 	12.0 
41.1682 	49.4666 	45.9 
38.4959 	45.1469 	6.1 
38.5087 	45.0646 	3.2 
40.0425 	49.0901 	17.0 
41.8936 	49.5101 	33.4 
38.9230 	48.6210 	14.8 
40.8955 	49.5449 	62.0 
40.0156 	49.0477 	22.1 
39.9022 	45.7830 	3.5 
40.2713 	46.5098 	11.1 
39.8779 	46.2496 	9.1 
38.3725 	49.3708 	40.0 
38.6847 	48.4776 	5.6 
38.8190 	45.7267 	13.6 
41.6153 	48.7810 	6.9 
41.2309 	49.5969 	37.5 
39.1990 	46.0980 	17.0 
39.2175 	46.0700 	11.9 
39.6291 	49.4104 	62.0 
38.3420 	45.6820 	19.0 
39.9227 	48.9730 	33.3 
39.9207 	49.0385 	30.7 
39.2057 	46.0487 	2.4 
38.7670 	48.6225 	10.9 
41.4914 	48.8487 	52.0 
40.6880 	47.9110 	43.1 
38.3965 	47.5341 	10.3 
39.2216 	49.1320 	2.2 
40.9819 	49.9965 	43.4 
38.8724 	48.5396 	20.2 
38.4942 	45.0868 	11.2 
38.4575 	45.0868 	3.4 
38.5010 	45.1323 	8.7 
38.3923 	45.0671 	15.1 
38.4506 	45.1108 	13.6 
38.4738 	45.0897 	11.1 
38.4808 	44.9872 	3.1 
38.4700 	45.0320 	7.7 
38.4810 	45.0370 	6.6 
38.4961 	45.0936 	13.0 
38.6169 	45.0945 	3.0 
38.5127 	45.0181 	9.5 
38.4787 	45.0103 	4.1 
38.4343 	44.9968 	2.5 
38.5159 	45.0668 	9.2 
38.5803 	45.1699 	3.0 
38.5771 	45.1001 	3.0 
38.5153 	45.0699 	13.9 
38.5241 	45.1858 	7.0 
38.5166 	45.1021 	8.3 
38.5057 	45.1081 	2.8 
38.5046 	44.9007 	8.7 
38.5185 	45.1330 	12.6 
38.4935 	45.1624 	13.7 
40.4937 	45.4604 	5.3 
39.1389 	49.4793 	51.8 
38.6888 	48.6482 	30.4 
40.9738 	48.1511 	5.5 
38.6516 	48.6248 	31.7 
38.7827 	46.7283 	0.0 
40.6239 	46.0427 	0.0 
41.4468 	46.6754 	16.2 
38.0647 	47.9054 	3.7 
40.8431 	48.7085 	37.5 
40.5159 	46.1885 	0.0 
38.6824 	46.6971 	0.0 
38.6180 	48.6358 	33.3 
40.9194 	45.9849 	10.5 
38.8654 	48.4862 	13.2 
38.8547 	48.4928 	14.2 
38.4939 	45.2544 	15.0 
38.6493 	48.5815 	24.6 
38.6990 	48.5923 	19.2 
38.7201 	48.5678 	8.5 
38.6930 	48.6028 	22.9 
38.7025 	48.5799 	20.2 
38.8001 	46.7161 	0.0 
39.6818 	48.4158 	12.0 
38.2905 	47.4293 	4.7 
40.6758 	46.4634 	19.1 
38.4674 	45.0991 	10.8 
38.5658 	45.0749 	2.6 
38.6652 	45.2658 	9.5 
38.5369 	45.0104 	9.6 
38.5189 	45.0722 	11.5 
38.4451 	45.1320 	5.8 
38.5880 	45.0709 	10.1 
38.5193 	45.1892 	5.0 
38.5270 	45.0914 	5.1 
38.4785 	45.1277 	10.4 
38.5639 	45.0817 	6.9 
38.5625 	45.1254 	12.2 
38.5375 	45.0437 	14.2 
38.4903 	45.0448 	5.7 
38.4789 	45.1354 	10.4 
38.4990 	45.0310 	11.7 
38.5148 	45.0174 	10.1 
38.6581 	45.1109 	5.2 
38.5429 	45.0720 	10.3 
38.4930 	45.0575 	9.4 
38.5430 	45.1287 	3.7 
38.4834 	45.0314 	16.2 
38.4990 	45.0820 	15.6 
38.5047 	45.1259 	5.4 
38.5152 	45.1624 	9.8 
38.5014 	45.0405 	9.2 
38.5050 	45.0190 	13.7 
38.5186 	45.1109 	10.9 
38.5325 	45.0822 	8.0 
38.4790 	45.0810 	8.8 
38.5250 	44.9813 	0.8 
38.5141 	45.1227 	11.0 
38.5222 	45.0504 	8.3 
38.5002 	45.0642 	11.8 
38.5723 	45.1082 	7.7 
38.4988 	45.1278 	8.9 
38.4946 	45.0967 	8.1 
38.5281 	45.0742 	8.7 
38.5018 	45.0996 	7.2 
38.5344 	45.1055 	6.3 
38.5190 	45.0511 	11.1 
38.5213 	45.1081 	8.8 
38.5292 	45.1103 	10.1 
38.5992 	45.0687 	14.4 
38.5306 	45.0324 	9.9 
38.5258 	45.1886 	5.1 
38.5040 	45.0706 	8.0 
38.5606 	45.1177 	10.4 
38.4543 	45.0169 	1.7 
38.5456 	45.1426 	8.1 
38.4704 	44.9852 	17.2 
38.4373 	45.1208 	1.8 
41.9119 	48.8454 	40.0 
38.4895 	45.0042 	7.9 
38.4953 	45.1150 	10.0  
38.5099 	45.1259 	11.4 
38.5905 	45.1181 	10.1 
38.4431 	45.0805 	1.5 
38.5450 	45.1551 	5.8 
38.5189 	45.1162 	3.0 
38.5504 	45.1452 	11.8 
38.5245 	45.1443 	8.6 
38.5405 	45.1304 	21.7 
38.4936 	45.0749 	3.2 
38.4795 	45.1576 	7.6 
38.4919 	45.0540 	12.0 
38.5600 	45.2124 	3.8 
38.5324 	45.1837 	4.9 
38.5130 	45.1228 	5.2 
38.4944 	45.1030 	6.8 
38.5395 	45.0636 	10.0 
38.4728 	45.0789 	2.1 
38.5243 	45.0245 	10.4 
38.3788 	45.1431 	4.2 
38.4700 	45.1640 	4.6 
38.4154 	45.0876 	13.3 
38.5091 	45.0038 	4.6 
38.4521 	45.0543 	0.7 
38.6058 	45.0177 	3.0 
38.4240 	45.0230 	11.1 
38.5217 	45.1714 	7.6 
38.5258 	45.0667 	3.0 
38.5563 	45.2040 	2.4 
38.4877 	45.0845 	8.3 
38.4667 	45.0175 	15.0  
38.5216 	45.1400 	8.6 
38.4889 	45.0585 	15.0  
38.5496 	45.1752 	5.0 
39.1296 	48.4866 	32.5 
39.3599 	45.2285 	17.5 
38.4885 	45.0611 	8.8 
38.4959 	45.0395 	8.3 
38.4910 	45.0700 	11.2 
38.5260 	45.0854 	10.0 
38.5371 	45.1565 	28.6 
38.5168 	45.1280 	10.0 
38.5456 	45.0943 	10.0 
38.5351 	45.0853 	2.6 
38.6199 	48.6851 	34.1 
38.4749 	45.0315 	10.0  
38.4681 	45.1120 	1.4 
38.5340 	45.0600 	8.5 
38.4939 	45.0883 	15.0  
39.0586 	48.3431 	21.9 
38.5136 	45.0966 	10.0 
38.5432 	45.0761 	10.4 
38.5521 	45.1318 	10.5 
38.4999 	45.1290 	9.5 
38.4887 	45.0949 	6.4 
38.5004 	45.0392 	6.2 
38.5405 	45.0555 	5.8 
38.5170 	45.0170 	11.4 
38.3094 	45.0456 	7.1 
38.4910 	45.0172 	11.8 
40.0278 	48.4554 	41.0 
38.5095 	45.0857 	2.4 
38.5699 	45.1091 	9.2 
40.3137 	45.7745 	10.7 
38.5850 	45.2293 	3.0 
38.5275 	45.1204 	6.9 
38.5166 	45.0055 	6.9 
38.4965 	45.0523 	5.2 
38.5570 	45.1495 	3.0 
38.5067 	44.9995 	3.5 
38.4710 	45.0300 	7.2 
38.4907 	45.0970 	6.2 
38.5500 	45.1360 	3.5 
40.2907 	45.0274 	5.2 
39.9596 	49.2130 	29.3 
38.5662 	45.1885 	2.0 
38.5323 	45.1131 	9.5 
41.8841 	46.4512 	15.7 
38.4746 	45.0923 	6.4 
38.5010 	45.0356 	8.4 
38.5741 	45.1790 	2.0 
38.4685 	45.0967 	10.6 
38.5577 	45.1563 	3.8 
38.6793 	48.6630 	26.5 
38.5381 	45.1713 	8.8 
38.4750 	45.0920 	13.5 
38.9090 	48.6310 	21.2 
38.4960 	48.6563 	26.0 
38.7682 	48.6417 	22.5 
38.4674 	45.0252 	7.7 
39.4014 	48.3643 	22.1 
38.7698 	46.7118 	0.0 
38.5655 	45.1629 	5.6 
38.5378 	45.1811 	3.0 
39.9119 	49.1258 	18.7 
40.1634 	50.1040 	70.5 
37.8290 	48.4590 	4.1 
38.5148 	45.0811 	11.4 
38.2851 	48.8633 	30.2 
39.1851 	48.0276 	24.0 
41.2205 	45.5631 	10.3 
41.1500 	45.5445 	19.6 
38.4830 	44.9080 	7.0 
38.4451 	45.0910 	7.2 
38.4036 	45.0572 	15.0  
38.6034 	45.0852 	10.9 
38.4735 	45.0989 	16.8 
38.1795 	48.0234 	2.3 
38.4616 	45.0230 	7.8 
38.4678 	45.1315 	7.9 
38.5243 	45.0180 	10.0 
38.6084 	48.6397 	36.3 
40.3194 	45.0089 	5.1 
38.4849 	45.5710 	5.4 
40.3699 	48.1834 	49.2 
40.6051 	46.0598 	0.0 
41.2490 	45.5118 	11.3 
38.5458 	47.7805 	10.0 
38.4820 	45.1676 	12.2 
38.8696 	48.5383 	27.4 
38.9245 	48.6553 	17.4 
41.2115 	45.4081 	24.9 
41.1710 	45.5812 	12.5 
38.4355 	45.0094 	4.4 
38.5060 	45.0271 	1.2 
40.2108 	48.1159 	21.8 
38.5281 	45.1765 	15.0  
38.5608 	45.0499 	5.5 
40.6291 	46.1155 	0.0 
41.8965 	49.1142 	56.6 
38.5408 	45.0947 	15.4 
40.8968 	48.8723 	44.5 
41.4799 	46.0958 	25.5 
41.2553 	47.9281 	0.0 
38.5004 	45.1919 	34.8 
38.4710 	45.1214 	2.9 
40.2990 	46.4571 	10.5 
41.0714 	47.4017 	29.1 
40.3878 	48.9490 	17.9 
40.4333 	48.8783 	3.9 
41.5276 	48.2450 	35.3 
41.8386 	46.3353 	18.2 
38.5135 	45.1086 	10.0 
38.5046 	45.0952 	10.0 
40.4788 	48.7958 	3.1 
41.9255 	48.9739 	62.0 
38.5390 	45.1184 	28.6 
39.5381 	46.4685 	0.0 
41.1784 	45.9027 	19.5 
41.6191 	46.3565 	8.8 
41.5668 	46.3369 	6.2 
38.6021 	45.0338 	7.3 
40.6176 	46.0521 	0.0 
40.1670 	47.1720 	6.0 
40.1849 	47.1247 	26.1 
41.5496 	47.6993 	26.7 
38.6702 	48.6748 	30.4 
38.4640 	45.0370 	9.7 
38.7765 	46.7265 	0.0 
38.2850 	46.0610 	10.0 
38.8872 	45.7171 	13.8 
40.7388 	47.2378 	35.1 
38.7478 	46.7030 	0.0 
40.9752 	48.0403 	42.2 
40.3416 	47.0255 	28.3 
38.5343 	45.1798 	10.4 
38.5412 	45.0847 	10.9 
38.4753 	49.3188 	50.1 
40.5043 	48.6249 	17.9 
40.1259 	48.2022 	44.0 
38.4360 	45.0650 	6.0 
40.3710 	45.0080 	15.3 
38.8608 	46.7710 	0.0 
40.4778 	48.5847 	6.9 
38.5341 	45.1188 	32.5 
38.7781 	48.8518 	31.6 
38.5310 	45.2091 	2.9 
38.5342 	45.0904 	9.5 
38.1320 	44.9490 	8.0 
38.5479 	45.1597 	3.1 
38.5620 	45.1010 	3.1 
40.2700 	48.9839 	8.2 
38.7264 	48.5605 	25.1 
40.1999 	48.7476 	17.1 
40.3953 	46.2943 	9.8 
40.3951 	49.2137 	41.0 
38.1689 	48.5407 	19.7 
38.5020 	44.9770 	13.1 
40.3487 	48.6987 	7.3 
38.0752 	48.4522 	5.0 
41.9167 	46.0500 	10.0 
41.9517 	46.2117 	21.9 
41.4917 	49.4960 	62.1 
39.1278 	46.1359 	0.0 
39.8170 	44.8430 	4.4 
39.9607 	45.0221 	13.1 
39.7378 	46.7311 	10.0 
38.7292 	46.7005 	0.0 
40.4944 	47.1282 	34.6 
38.9390 	48.4840 	17.0 
39.1334 	46.5888 	20.3 
39.1137 	46.5451 	22.0 
41.3061 	45.4059 	10.2 
38.7091 	48.5930 	16.0 
39.8755 	48.3576 	59.0 
40.5880 	46.7020 	20.0 
39.2172 	46.0303 	4.9 
38.3637 	47.7945 	15.5 
38.2871 	47.8423 	14.1 
38.3380 	43.8890 	6.8 
38.9650 	46.4040 	10.0 
40.6050 	48.8573 	8.1 
41.0977 	49.6800 	7.9 
38.3120 	47.8580 	7.0 
39.5154 	46.4632 	12.0 
38.2986 	47.4528 	14.4 
40.9867 	46.1547 	10.0 
38.5291 	45.1794 	28.5 
41.5950 	49.4750 	11.2 
38.5380 	45.0120 	8.1 
38.7778 	46.7110 	0.0 
38.8761 	46.7895 	0.0 
40.8600 	46.5850 	18.1 
40.9632 	46.8817 	27.3 
38.2587 	48.0211 	3.0 
39.8135 	48.2874 	45.0 
39.2721 	46.0637 	9.5 
38.6314 	45.0986 	3.0 
41.3467 	47.4221 	14.7 
39.8490 	48.4062 	40.5 
38.7150 	48.5570 	28.0 
38.7635 	48.5607 	21.7 
38.4290 	45.1040 	9.0 
38.9687 	48.4591 	20.9 
39.5927 	49.8884 	60.0 
38.8088 	48.5387 	23.3 
39.7250 	48.2900 	35.0 
40.5019 	48.6233 	32.0 
38.3311 	45.6182 	8.5 
38.2590 	45.6990 	18.0 
40.6914 	47.9286 	44.5 
38.5220 	45.1890 	16.0 
38.8643 	48.6517 	38.7 
38.5265 	45.1710 	10.0 
41.2192 	47.2155 	6.3 
41.2289 	47.2297 	6.8 
41.9600 	45.8050 	17.3 
38.5016 	45.1622 	14.1 
38.4818 	48.2180 	8.4 
41.4905 	48.4626 	9.8 
38.3199 	45.5382 	9.8 
38.4124 	45.6392 	5.7 
40.1120 	46.6873 	11.2 
38.7330 	49.5797 	30.0 
38.5020 	45.1300 	6.2 
38.7065 	48.6220 	12.1 
38.7483 	46.7234 	0.0 
38.6346 	45.1205 	5.0 
41.6587 	48.6156 	29.6 
41.6579 	47.3211 	14.1 
39.1016 	46.1366 	0.0 
40.8897 	49.3595 	36.9 
38.8448 	48.8966 	49.1 
40.6152 	48.4912 	7.2 
38.3010 	45.6570 	13.9 
38.7710 	48.5170 	20.9 
40.0108 	48.2905 	45.1 
38.7076 	48.5884 	8.6 
39.4985 	46.4898 	0.0 
41.5406 	47.6908 	19.6 
41.2108 	45.6804 	4.1 
41.8883 	45.9900 	26.7 
41.5802 	47.6518 	15.5 
41.5009 	47.7252 	3.2 
38.5418 	45.1688 	5.1 
41.8996 	48.9950 	60.0 
42.0883 	46.6767 	49.7 
42.1183 	45.8733 	14.1 
41.8345 	48.8016 	62.0 
38.5081 	45.3417 	5.6 
38.6006 	45.0212 	1.7 
40.0862 	45.3897 	5.1 
39.0250 	49.5133 	60.2 
39.0296 	49.4298 	17.0 
39.0066 	49.5289 	15.2 
38.2260 	46.7160 	15.0 
39.0490 	49.5006 	60.5 
39.0225 	49.5075 	55.6 
40.6276 	48.7696 	4.8 
39.0558 	49.5433 	44.8 
39.0275 	49.5563 	60.0 
38.2123 	48.8426 	9.9 
39.0806 	49.4401 	30.0 
39.2908 	49.1875 	40.2 
38.3281 	47.3693 	9.9 
38.9920 	49.4316 	14.5 
39.0703 	49.4096 	15.3 
39.0796 	49.4655 	20.0 
39.1169 	49.5207 	30.4 
39.0906 	49.4634 	14.9 
39.0507 	49.4386 	18.9 
39.0118 	49.4692 	57.3 
40.5631 	46.4787 	12.8 
38.4209 	45.6088 	4.5 
41.9691 	48.8835 	40.0 
39.0076 	49.4629 	24.2 
41.7153 	49.8085 	9.9 
41.2105 	49.6344 	62.0 
41.3871 	49.8091 	27.0 
39.0226 	49.4166 	19.4 
38.7639 	46.7385 	0.0 
38.7543 	46.7353 	0.0 
38.7576 	46.7361 	0.0 
38.4650 	45.0170 	12.3 
39.2146 	48.2571 	30.7 
38.4617 	45.1605 	38.3 
39.1918 	48.8660 	31.1 
40.9622 	47.0404 	29.2 
42.0780 	46.4026 	0.0  
40.0502 	45.3090 	5.3 
39.2688 	46.5096 	3.0 
38.1605 	46.5783 	20.5 
37.9100 	48.0660 	6.0 
38.1147 	48.0312 	25.1 
40.6129 	48.8221 	8.0 
38.4430 	45.0520 	14.7 
41.2183 	49.1567 	13.0 
39.0919 	46.1165 	0.0 
38.6180 	44.8900 	17.6 
38.6297 	45.0017 	2.2 
38.5240 	45.0350 	10.0 
40.6007 	45.1889 	5.0 
38.4670 	44.7670 	10.0  
38.6320 	45.0096 	3.0 
38.6010 	44.8810 	14.5 
38.3997 	44.9477 	10.0  
40.3551 	48.5907 	6.8 
40.3957 	45.0938 	9.9 
40.9690 	47.1417 	32.1 
38.5550 	44.7590 	10.4 
40.3387 	46.1778 	12.0 
38.5420 	44.8770 	7.0 
40.3867 	45.0606 	10.0 
38.5620 	44.7690 	6.0 
38.6960 	44.6622 	1.4 
38.5670 	44.8170 	18.5 
38.5330 	44.8490 	6.0 
40.3942 	45.0671 	8.9 
40.0678 	45.3033 	5.0 
38.4220 	44.9440 	7.0 
38.5450 	44.8280 	6.0 
40.2420 	48.7895 	2.0 
38.5360 	44.8120 	7.6 
41.6911 	46.4243 	2.6 
38.5750 	44.8890 	7.2 
39.0709 	48.2929 	20.5 
41.1651 	45.9475 	9.9 
38.9739 	46.3393 	17.2 
39.8669 	48.1762 	17.0 
38.5290 	45.0700 	6.0 
41.9833 	47.3077 	11.5 
41.2233 	46.0097 	14.3 
41.1622 	46.0217 	10.0 
40.6353 	48.4705 	6.3 
38.7405 	46.6744 	0.0 
38.7481 	46.7170 	0.0 
38.4199 	44.9097 	16.0 
38.5340 	44.8430 	9.1 
38.5140 	44.8640 	10.0 
38.5260 	44.9150 	6.2 
38.5430 	44.9170 	6.0 
38.5720 	44.8270 	16.4 
38.5410 	44.8750 	6.3 
38.5450 	44.8720 	6.0 
38.5540 	44.8370 	6.3 
38.5640 	44.8200 	12.3 
38.6720 	44.9810 	25.2 
38.4090 	44.8630 	10.0  
38.5120 	44.8660 	6.0 
38.5440 	44.8260 	6.0 
38.5290 	44.8390 	8.6 
38.5300 	44.8710 	6.0 
38.5350 	44.8580 	7.0 
38.5280 	45.0050 	7.0 
38.5050 	44.9210 	7.2 
38.5560 	44.8310 	8.3 
38.5110 	44.9000 	6.2 
38.5030 	44.8660 	18.5 
38.5460 	44.8720 	5.6 
38.5280 	44.8790 	6.0 
38.5180 	45.0410 	22.0 
38.5410 	44.8510 	6.8 
38.5600 	44.9180 	8.1 
38.5710 	44.8130 	14.6 
38.6046 	45.0235 	5.0 
38.5770 	44.8360 	5.4 
38.5340 	44.8930 	13.0 
38.4928 	44.9417 	0.0  
38.5466 	44.8891 	0.0  
38.5370 	44.9070 	17.0 
40.2877 	48.9386 	4.5 
38.5490 	44.8410 	8.3 
38.5083 	46.9459 	10.1 
38.5310 	44.8080 	13.8 
38.5590 	44.8690 	5.8 
38.5270 	44.8970 	8.0 
39.1119 	46.1324 	0.0 
38.5040 	45.0090 	7.0 
38.5270 	44.8670 	6.0 
41.0370 	48.1844 	0.0  
40.9887 	48.2259 	11.4 
38.5730 	45.0271 	10.1 
38.5458 	45.0266 	5.0 
38.4870 	44.8870 	7.0 
38.5040 	44.8940 	6.0 
38.4680 	44.9420 	5.9 
38.5569 	45.0514 	5.6 
38.5050 	44.8720 	8.1 
38.5402 	45.0176 	9.9 
38.5330 	44.8890 	6.7 
38.6035 	45.0205 	9.0 
38.5610 	45.0242 	7.8 
38.5845 	45.0143 	5.0 
38.6703 	45.0187 	2.0 
38.6082 	45.0727 	5.9 
41.1134 	46.4244 	9.5 
38.8130 	46.2130 	14.0 
41.3593 	48.7475 	3.6 
40.3466 	47.6883 	37.7 
38.5650 	44.7710 	6.0 
38.6640 	45.0230 	24.2 
38.4290 	44.9220 	9.5 
38.1745 	48.1937 	8.3 
38.1551 	48.1816 	11.8 
38.5667 	45.0167 	10.0 
40.3369 	45.0811 	23.4 
40.3574 	45.0419 	8.4 
41.5665 	48.7515 	10.1 
41.4976 	45.4254 	10.0 
41.5743 	46.5291 	11.1 
38.5820 	44.9340 	12.0 
38.8227 	46.7279 	0.0 
38.4781 	48.3915 	0.0 
39.1007 	46.1326 	0.0 
39.7099 	49.5942 	6.7 
40.5356 	46.7737 	13.0 
38.6182 	45.0347 	3.0 
40.1001 	49.3909 	21.0 
41.7983 	45.9817 	9.4 
38.6405 	45.0065 	3.0 
38.5173 	45.0096 	9.7 
41.1095 	49.7730 	44.0 
38.5272 	45.0156 	10.0 
38.8278 	46.7338 	0.0 
38.5580 	44.9460 	14.2 
38.5190 	44.9500 	10.7 
38.6074 	48.8333 	25.7 
38.5376 	45.0755 	10.0 
39.8237 	45.8649 	5.1 
39.1360 	48.2899 	10.0 
39.1364 	48.3106 	9.9 
38.5310 	44.8540 	14.1 
39.9751 	45.2394 	3.6 
38.3603 	48.5517 	3.7 
38.1182 	48.4405 	9.5 
39.1323 	48.3098 	10.7 
38.6512 	45.1096 	3.0 
41.3325 	45.8852 	13.7 
41.2397 	49.9752 	3.9 
39.6108 	45.3522 	5.5 
39.8493 	48.7551 	45.0 
40.7046 	48.3970 	6.6 
41.3862 	47.9454 	43.6 
38.7226 	46.7178 	0.0 
38.7970 	45.9610 	8.1 
39.0736 	49.0267 	15.0 
39.0070 	48.9283 	3.8 
39.3639 	48.0338 	23.0 
38.8522 	48.4834 	17.2 
41.6754 	48.2930 	17.5 
40.4478 	47.1345 	34.3 
38.7154 	46.6938 	0.0 
41.2284 	48.7338 	14.9 
40.7835 	47.8864 	38.0 
38.3090 	47.7600 	7.0 
39.0336 	48.9175 	4.3 
38.5152 	45.0219 	19.9 
38.2900 	47.7530 	7.0 
38.3231 	47.7844 	10.6 
38.3056 	47.7897 	21.2 
38.2870 	47.7440 	6.0 
38.1741 	47.7723 	17.6 
38.9221 	48.6675 	29.2 
39.0868 	49.0091 	31.3 
38.3050 	47.7490 	6.0 
38.3030 	47.7560 	6.0 
38.3005 	47.8073 	19.1 
38.3050 	47.7510 	4.0 
38.2960 	47.7360 	6.0 
40.5835 	48.2273 	11.7 
38.2115 	47.9040 	10.4 
38.2960 	47.8267 	14.5 
39.4474 	48.5335 	23.3 
38.3169 	47.8480 	4.0 
39.0848 	49.0696 	32.9 
39.5873 	47.7147 	22.9 
38.2890 	47.7290 	6.0 
39.9780 	48.3740 	28.0 
38.8620 	48.4640 	28.0 
38.3314 	47.8144 	5.0 
41.9808 	45.3687 	15.2 
38.2882 	47.7748 	9.9 
38.3067 	47.7780 	10.0 
39.9622 	45.6445 	7.1 
38.4600 	44.9530 	9.4 
38.5159 	45.1006 	10.0 
38.5310 	44.9960 	14.7 
38.5593 	45.0559 	5.1 
38.7756 	46.5646 	0.0 
40.7591 	47.0534 	37.6 
39.5223 	46.4800 	0.0 
40.8730 	46.8484 	27.6 
39.3031 	49.3095 	31.5 
40.8272 	48.4023 	11.6 
39.2908 	48.1009 	23.2 
38.5310 	44.9770 	6.0 
41.4888 	46.8617 	11.4 
39.6123 	48.6144 	24.0 
41.3272 	47.1273 	10.2 
38.8333 	45.2333 	10.0 
39.3789 	48.0929 	26.1 
38.5610 	44.9330 	6.0 
40.1056 	48.7720 	6.9 
40.1323 	48.8204 	2.6 
40.1328 	49.1703 	39.6 
39.9979 	49.1071 	32.6 
40.1122 	48.7152 	2.0 
40.0610 	48.8254 	2.3 
40.1328 	48.7696 	1.9 
40.0780 	48.6708 	2.6 
40.0795 	48.7200 	2.2 
40.1054 	48.7613 	2.0 
40.1345 	48.7061 	2.0 
39.3351 	48.0845 	29.7 
40.1039 	48.7333 	1.9 
40.0590 	49.0030 	18.4 
38.4751 	45.3706 	10.0 
40.0943 	48.8006 	2.0 
40.0568 	48.8855 	2.0 
40.0705 	49.5305 	23.1 
39.9724 	49.4217 	43.5 
40.0775 	48.6750 	1.9 
38.5700 	45.0430 	10.4 
40.8323 	49.3788 	45.0 
40.0664 	48.8427 	4.3 
38.5818 	45.0006 	10.1 
39.3471 	48.0506 	19.8 
38.5537 	45.1257 	13.1 
41.5864 	46.1440 	2.0 
39.4455 	48.3639 	39.3 
38.4818 	45.3714 	9.9 
39.9882 	45.5941 	2.0 
39.0213 	48.9357 	2.0 
39.0386 	48.9622 	3.5 
39.3485 	47.9973 	15.2 
41.1684 	47.2069 	7.8 
37.9260 	46.9790 	10.0 
39.0757 	49.0763 	21.1 
38.4730 	45.0120 	6.0 
38.8940 	48.7780 	11.4 
38.6300 	48.5180 	19.4 
38.8740 	48.5340 	26.6 
37.9360 	47.0110 	18.6 
38.4110 	45.1400 	19.1 
38.4580 	45.0120 	11.4 
38.5165 	45.1326 	10.0 
38.4490 	44.9590 	10.0 
38.5027 	45.1676 	9.0 
38.5325 	45.1557 	6.1 
38.4450 	44.9770 	6.0 
38.4035 	45.0476 	10.2 
38.4570 	45.0050 	6.8 
38.5150 	45.1435 	10.0 
38.8839 	48.6127 	22.7 
40.9366 	48.2009 	10.0 
38.5558 	45.1465 	10.0 
39.3479 	48.0789 	30.3 
38.4700 	44.9760 	12.4 
38.4854 	45.1448 	10.0 
38.4430 	45.0010 	9.3 
41.1155 	47.5570 	14.2 
40.5940 	48.5925 	6.4 
39.9612 	45.0307 	5.0 
39.3509 	47.9474 	13.7 
38.9284 	48.6004 	27.5 
39.3734 	48.0844 	10.0 
38.5310 	44.8510 	9.7 
40.7874 	46.8353 	29.0 
38.6620 	48.5270 	10.0 
38.4269 	45.0235 	10.5 
38.3980 	45.0510 	6.0 
38.4500 	44.9660 	14.0 
38.7368 	46.6898 	0.0 
40.9862 	46.0943 	9.9 
40.7155 	48.4495 	14.7 
40.6845 	48.4565 	9.2 
40.2273 	49.0636 	3.0 
38.3990 	45.0290 	8.3 
41.2300 	45.8211 	18.9 
38.4330 	44.9750 	6.0 
38.5187 	45.1535 	4.2 
38.4840 	45.1141 	18.0 
40.5736 	46.2611 	10.1 
38.4614 	44.8505 	11.0 
38.3690 	44.8860 	6.0 
38.3990 	44.8310 	8.0 
40.9904 	48.1580 	0.0  
38.4599 	45.0229 	3.1 
38.5102 	45.0425 	3.0 
40.9961 	46.1617 	0.0  
38.2810 	49.6530 	12.0 
38.9212 	48.6153 	9.1 
38.5694 	45.9712 	12.3 
41.6883 	46.0713 	7.4 
40.2174 	49.9946 	59.7 
38.3770 	45.4030 	16.0 
39.9676 	45.0137 	5.4 
39.9492 	45.0251 	3.6 
38.3280 	44.9440 	8.1 
38.7766 	48.6785 	16.9 
40.0630 	48.2642 	46.7 
39.9540 	45.0478 	5.4 
39.9423 	48.8915 	41.0 
38.3020 	45.8280 	22.5 
38.1640 	48.3987 	10.0 
40.8759 	48.1399 	8.6 
40.8315 	48.1827 	8.7 
40.8459 	48.1791 	8.5 
39.2817 	46.5033 	40.0 
40.8636 	48.1657 	6.8 
41.3356 	45.5244 	15.5 
41.1594 	45.7996 	22.4 
38.7124 	46.7111 	0.0 
41.0812 	45.4626 	15.0 
38.9069 	48.6349 	29.8 
39.5873 	47.7163 	21.1 
38.7204 	46.6927 	0.0 
38.7639 	45.2019 	10.0 
39.5283 	47.6229 	14.2 
38.7638 	45.2839 	6.7 
39.5498 	46.4972 	14.4 
38.5667 	45.8000 	10.0 
39.2328 	49.4969 	26.8 
38.7667 	45.2833 	10.0 
39.0872 	46.1671 	0.0 
38.7390 	45.2339 	10.0 
40.9281 	46.7485 	20.3 
40.9228 	48.3217 	5.0 
40.2797 	48.5544 	10.5 
38.5442 	45.0164 	10.0 
39.4764 	46.5192 	0.0 
38.6009 	45.0513 	2.5 
38.6105 	45.0187 	2.1 
38.7443 	45.1897 	0.0  
41.3727 	46.3507 	15.7 
38.7517 	46.7460 	0.0 
38.6042 	45.0485 	5.0 
40.9416 	46.7963 	26.7 
38.5553 	45.0402 	10.2 
38.3167 	44.9833 	10.0 
40.8080 	46.6983 	22.2 
37.7163 	45.5613 	0.0  
38.7508 	48.6022 	16.9 
41.0350 	45.4964 	10.1 
39.8982 	49.4562 	37.4 
38.4900 	45.1104 	7.5 
40.9248 	48.3744 	0.0  
40.8707 	48.3018 	10.9 
40.8839 	48.2921 	11.2 
38.4011 	45.6208 	14.3 
39.5395 	48.3396 	22.8 
38.5877 	44.9437 	5.0 
39.7697 	48.4576 	48.4 
38.0687 	46.2563 	10.3 
39.0994 	46.0968 	0.0 
41.5499 	47.8418 	8.0 
41.5903 	49.6488 	6.0 
41.7636 	49.7586 	17.0 
40.9637 	48.3609 	0.0  
40.7962 	48.3837 	8.3 
40.3449 	48.5706 	2.2 
39.7899 	45.9635 	5.0 
40.7429 	48.4732 	10.6 
38.5112 	45.0839 	17.7 
40.8660 	47.2808 	34.9 
39.7893 	45.9319 	4.8 
40.2684 	49.4108 	44.0 
41.6200 	47.9800 	10.0 
38.1709 	48.5157 	7.8 
38.5144 	45.0177 	10.4 
40.7597 	48.0116 	33.3 
38.8888 	48.7165 	36.2 
38.9443 	48.4802 	29.5 
38.1220 	48.5939 	3.0 
41.1855 	46.1121 	10.1 
41.5091 	46.6652 	0.0  
39.7982 	45.9244 	4.8 
40.9065 	46.2669 	10.1 
38.7643 	46.7001 	0.0 
40.7363 	48.4615 	7.6 
41.0832 	48.2512 	8.6 
41.7707 	46.1760 	5.0 
41.0085 	48.2454 	41.4 
38.7193 	45.1642 	12.2 
41.5167 	47.8267 	11.3 
41.4335 	47.9266 	20.7 
41.5767 	48.0150 	6.9 
38.7371 	46.6849 	0.0 
40.3282 	49.3287 	42.4 
40.6400 	49.6371 	62.0 
41.4553 	47.9044 	13.8 
38.4396 	46.6862 	9.9 
41.9006 	49.1198 	48.4 
41.3858 	45.8957 	12.7 
41.9011 	45.9576 	11.7 
38.5281 	45.1210 	3.0 
41.2522 	46.5437 	30.5 
41.6844 	48.1253 	3.7 
41.6458 	48.0774 	3.3 
38.4985 	45.4280 	5.0 
41.5553 	47.6981 	19.8 
41.4069 	48.3761 	4.4 
41.1041 	48.1674 	37.1 
38.6987 	48.5874 	18.7 
39.4691 	48.4088 	10.1 
39.4007 	48.3729 	22.7 
39.4491 	48.4433 	15.0 
38.7264 	48.6666 	30.4 
38.4652 	49.3313 	34.3 
39.6166 	45.3500 	6.5 
38.6633 	46.7107 	0.0 
38.9042 	48.5899 	24.6 
38.5113 	45.1271 	10.0 
40.7720 	48.2915 	42.0 
38.0545 	48.6424 	11.0 
38.2980 	44.6492 	5.7 
38.0583 	48.5971 	9.0 
38.0437 	48.6156 	5.0 
38.4748 	45.0472 	5.0 
41.7557 	48.8846 	0.0  
38.1337 	48.5294 	8.6 
40.7172 	46.7239 	27.4 
38.5134 	45.1054 	10.0 
38.4729 	45.1292 	10.1 
39.9623 	45.6000 	4.9 
40.9146 	48.5199 	42.9 
38.9783 	48.7606 	11.6 
39.9101 	49.6703 	51.9 
38.4991 	45.2179 	10.0 
38.5166 	45.3244 	10.0 
38.5428 	49.1864 	24.8 
41.8123 	45.8360 	4.6 
38.9293 	48.6489 	8.5 
41.2820 	45.5866 	29.9 
40.4412 	47.8593 	43.8 
38.7688 	49.4412 	44.7 
38.2032 	48.5368 	3.0 
38.4932 	45.3567 	8.6 
38.7159 	46.6606 	0.0 
38.3300 	44.7910 	10.0  
38.4779 	45.0549 	10.1 
38.0260 	47.0835 	9.9 
39.0531 	49.3234 	45.1 
38.4500 	45.1333 	10.0 
40.7315 	48.4292 	10.7 
38.5019 	45.3531 	6.0 
39.4782 	48.1525 	10.1 
40.8335 	48.1601 	6.7 
39.1007 	46.1465 	0.0 
38.5758 	45.1508 	8.2 
38.7929 	48.6569 	36.0 
39.3091 	46.0019 	5.6 
39.9260 	49.6431 	62.0 
40.3682 	48.7114 	5.7 
40.3836 	48.7457 	11.1 
40.3960 	48.6991 	7.0 
38.0583 	48.6347 	10.6 
38.1324 	48.5857 	9.6 
39.1041 	47.4926 	18.2 
40.3797 	48.7320 	6.1 
40.3746 	48.6989 	5.9 
41.3321 	46.3317 	10.6 
38.4418 	48.9680 	53.4 
38.7470 	45.2372 	10.0 
38.6756 	48.5701 	22.4 
38.5994 	45.0726 	5.5 
38.5922 	44.7873 	5.0 
39.0813 	46.1346 	0.0 
40.1589 	49.1833 	2.9 
38.5050 	45.1550 	10.0 
38.9059 	46.6829 	4.0 
38.4737 	48.9406 	36.0 
41.0828 	49.9685 	45.3 
38.2985 	45.0786 	10.1 
40.4258 	48.9305 	45.6 
40.3821 	48.0364 	22.5 
38.5268 	45.1954 	4.4 
41.0370 	47.2365 	36.0 
38.9583 	48.7990 	9.6 
37.9244 	49.0019 	0.0  
39.0307 	46.7021 	0.0 
38.9460 	48.7807 	37.8 
38.5378 	45.0533 	10.3 
38.5140 	45.0290 	12.8 
38.4669 	44.9405 	10.0  
38.6074 	45.1048 	3.4 
40.3304 	48.3140 	16.2 
38.5327 	44.9025 	5.0 
38.3018 	44.7502 	0.0  
38.4767 	44.8968 	1.0 
38.5299 	45.0464 	10.0 
38.5762 	45.0080 	9.5 
38.5420 	45.4150 	10.0  
39.7857 	45.9501 	4.4 
38.5215 	45.1517 	10.0 
38.4523 	45.0755 	11.3 
38.7167 	48.5888 	26.0 
38.5664 	45.0871 	2.0 
39.1975 	48.5281 	43.2 
38.5386 	45.0034 	10.0 
38.5366 	48.6898 	39.1 
38.4953 	48.9635 	48.2 
38.8235 	46.7728 	0.0 
41.2710 	48.4547 	10.0 
41.2870 	47.2015 	15.8 
41.5867 	49.4483 	14.9 
38.8093 	48.9761 	36.5 
40.3724 	45.8092 	11.9 
40.3812 	45.9051 	9.9 
41.8317 	46.1415 	3.0 
38.9073 	48.6224 	36.8 
39.0912 	46.1484 	0.0 
38.7865 	48.6763 	40.7 
39.7020 	48.2755 	42.6 
38.4035 	46.6319 	0.0 
38.5012 	45.0446 	10.3 
41.1829 	47.4577 	16.8 
38.7596 	48.6028 	14.8 
38.4667 	45.1000 	10.0 
40.7976 	49.8852 	61.3 
-0.1517 	88.7184 	31.0 
38.5386 	45.1513 	10.0 
38.1171 	46.8473 	9.9 
38.4733 	45.3191 	10.0 
38.4940 	44.6983 	8.9 
38.5660 	45.0442 	31.9 
41.6480 	49.2890 	56.9 
41.6659 	49.2910 	7.7 
41.6824 	49.1762 	62.5 
40.2723 	49.2217 	0.0  
40.3970 	48.7673 	18.6 
40.0585 	49.5078 	4.8 
38.8397 	48.5842 	9.7 
38.4856 	45.2159 	9.2 
38.5302 	44.8962 	5.6 
38.5509 	45.0797 	5.9 
41.0641 	45.5844 	8.7 
38.7891 	46.6906 	0.0 
41.7196 	49.2761 	54.8 
38.6828 	48.6248 	19.3 
40.2786 	48.3846 	50.2 
40.3365 	49.1051 	0.0  
41.8008 	46.4809 	16.3 
41.1553 	46.0883 	10.7 
41.7890 	46.0076 	1.6 
41.7588 	46.0796 	2.2 
41.7818 	46.0310 	2.6 
38.5508 	44.9618 	5.0 
38.4867 	44.9000 	5.0 
38.9218 	48.6305 	15.8 
41.1774 	47.4403 	15.5 
40.0575 	45.7266 	7.5 
40.0048 	48.2216 	45.1 
40.9174 	46.1587 	17.6 
40.0158 	45.7588 	10.0 
41.8881 	46.1400 	3.2 
39.2527 	48.3010 	18.5 
41.7684 	45.9990 	13.0 
39.3548 	49.4876 	28.1 
41.1696 	49.6684 	44.1 
41.7002 	46.3792 	1.8 
41.6314 	49.2049 	0.0  
41.2398 	45.8365 	10.4 
41.1647 	48.8069 	18.5 
40.6033 	45.0459 	13.6 
39.0113 	48.5227 	25.2 
38.9886 	46.6880 	17.6 
41.0778 	47.7786 	6.3 
41.0807 	47.7191 	0.0  
41.0803 	47.7775 	7.1 
38.8594 	49.3224 	19.8 
41.5598 	48.2588 	17.4 
38.8971 	48.6184 	18.1 
39.0775 	46.1279 	0.0 
40.9382 	47.3668 	34.1 
39.0932 	45.7663 	6.0 
39.0494 	45.7361 	13.8 
40.3569 	46.3785 	9.3 
38.5569 	45.0497 	9.8 
38.7467 	48.8812 	57.8 
39.7902 	48.3070 	45.1 
38.5585 	45.1035 	3.0 
41.1714 	47.4605 	15.5 
41.8028 	48.7002 	5.0 
38.4533 	48.7654 	28.0 
41.1881 	47.4087 	17.8 
40.3203 	47.9135 	30.6 
38.7162 	48.5635 	18.0 
38.0332 	48.9278 	28.4 
38.7051 	48.7084 	35.5 
38.5164 	45.0220 	15.2 
38.5167 	45.0167 	10.0 
38.8690 	45.1325 	7.3 
39.1961 	48.3107 	25.3 
40.9141 	49.5218 	22.4 
38.5329 	45.1078 	19.1 
40.7844 	45.7330 	8.4 
38.7886 	48.7233 	24.5 
41.6075 	49.7411 	62.0 
38.7311 	45.3125 	10.1 
41.2621 	47.3908 	17.8 
38.9375 	46.7050 	1.7 
39.6323 	48.4368 	21.0 
39.0865 	46.0853 	0.0 
40.1679 	48.3976 	0.0  
40.2205 	48.7590 	2.9 
41.1352 	48.9190 	7.9 
40.8011 	48.2397 	8.3 
41.2672 	48.5017 	10.0 
40.7218 	47.8698 	45.1 
38.9059 	48.6100 	17.2 
41.3749 	48.4110 	0.0  
38.5123 	45.4174 	2.4 
38.5974 	49.8034 	50.1 
38.5415 	45.2646 	16.6 
38.8219 	48.6265 	9.9 
38.9622 	48.4558 	23.0 
38.7777 	49.7226 	13.3 
40.4762 	45.2866 	0.0  
38.6725 	49.5174 	56.8 
39.0206 	48.7354 	54.6 
38.6344 	49.6584 	18.1 
38.9859 	48.7075 	41.0 
40.4542 	45.3435 	6.6 
40.3630 	48.7669 	37.0 
38.5753 	45.1580 	2.0 
40.4002 	46.4191 	11.5 
41.0342 	49.7030 	43.4 
39.9583 	46.5641 	15.7 
38.1421 	48.5553 	11.4 
38.2626 	48.0091 	4.4 
39.8739 	48.2776 	52.0 
38.5468 	45.0482 	10.6 
38.7229 	46.7002 	11.5 
39.2282 	46.1699 	0.0 
41.3333 	47.0986 	12.8 
38.9248 	48.6632 	9.7 
38.7974 	48.6325 	31.8 
41.0710 	47.2936 	26.5 
38.5726 	48.6700 	36.5 
40.0031 	45.7852 	10.3 
38.9229 	48.6536 	22.3 
38.8177 	48.6196 	10.0 
40.1885 	48.1887 	37.1 
40.3050 	48.2560 	79.3 
40.2631 	48.3134 	52.0 
40.2156 	48.2634 	52.6 
40.2549 	48.2548 	52.0 
40.2217 	48.2419 	52.0 
38.3634 	46.7549 	15.9 
38.4190 	45.6615 	10.0 
38.4000 	45.6333 	10.0 
40.7491 	46.7912 	21.6 
40.4801 	45.7113 	10.0 
39.1738 	48.5437 	32.3 
38.9045 	48.6288 	18.6 
39.4461 	47.8200 	34.1 
39.1064 	46.1102 	0.0 
38.5807 	45.0043 	10.4 
40.1925 	46.7372 	18.4 
38.5271 	45.1756 	6.4 
40.8194 	49.4896 	5.1 
41.3677 	45.6549 	10.8 
39.1189 	48.5931 	43.7 
40.1977 	46.0102 	6.1 
38.6457 	46.7160 	0.0 
38.9653 	46.7021 	0.0 
40.4820 	49.0745 	44.5 
38.7402 	46.7241 	0.0 
38.7574 	46.5291 	0.0 
39.1003 	46.1335 	0.0 
41.2830 	48.4298 	10.1 
39.0901 	48.5382 	10.0 
38.5349 	49.4698 	20.0 
41.1647 	48.2878 	41.3 
38.5331 	49.5346 	25.2 
38.7894 	48.5540 	10.0 
39.0895 	48.6208 	29.8 
38.2726 	48.3209 	6.6 
40.4458 	48.9861 	47.6 
41.9386 	49.0058 	31.0 
39.1582 	46.1260 	0.0 
41.8327 	46.2852 	16.5 
39.1134 	46.1532 	0.0 
37.5692 	45.6165 	21.3  
38.5917 	45.4448 	9.1 
38.5027 	45.3905 	0.0  
38.9015 	48.6931 	31.2 
40.6983 	47.8632 	29.1 
39.0511 	48.3744 	10.5 
41.8375 	45.0028 	10.0  
41.7529 	46.2012 	11.1 
38.5000 	45.5000 	10.0 
38.5457 	45.1170 	3.0 
41.2382 	48.0363 	9.6 
41.2515 	48.5160 	41.5 
38.1280 	48.0955 	3.6 
39.0899 	46.1394 	0.0 
41.0376 	47.5036 	10.0 
38.3333 	45.6833 	10.0 
40.9229 	47.9762 	8.1 
38.0301 	48.0475 	15.2 
38.5440 	45.0502 	10.0 
38.8776 	49.4870 	25.5 
41.4209 	46.2907 	9.6 
41.5801 	46.6959 	23.1 
38.1486 	48.4601 	5.9 
38.1535 	48.4490 	10.8 
38.2000 	48.5004 	5.0 
38.1489 	48.4302 	12.6 
38.1473 	48.4345 	7.8 
38.2094 	48.4330 	2.5 
38.1750 	48.4514 	3.6 
38.1843 	48.4552 	2.0 
38.1985 	48.4300 	6.0 
38.1216 	48.4094 	9.1 
39.1274 	49.4494 	10.0 
38.4402 	48.1997 	6.8 
38.2141 	48.4715 	1.6 
38.1865 	48.4621 	3.8 
38.1638 	48.4624 	5.0 
39.2032 	48.5250 	37.5 
38.0126 	46.1090 	10.0 
38.5391 	46.8678 	0.0 
38.6431 	48.6028 	28.2 
41.9752 	45.6533 	0.0  
41.9051 	45.4356 	45.0 
38.8324 	48.6191 	36.2 
38.5582 	45.0889 	5.8 
38.9416 	48.5764 	20.7 
41.6350 	47.5484 	20.5 
38.2335 	46.1353 	12.1 
41.1637 	46.1014 	14.8 
38.2575 	46.4977 	0.0  
39.1218 	46.0855 	0.0 
41.1171 	47.9768 	11.6 
38.7495 	48.5457 	18.9 
39.9833 	45.6167 	10.0 
41.4946 	47.6193 	29.6 
40.0374 	45.5614 	11.8 
40.1038 	48.7472 	2.2 
38.7885 	48.6735 	10.1 
38.5035 	45.0527 	5.0 
38.9856 	48.9183 	0.0  
38.7231 	48.5576 	18.9 
40.5264 	49.0352 	0.0  
38.1212 	48.1059 	13.5 
38.3161 	45.2785 	5.0 
38.6134 	45.0115 	3.5 
40.8118 	48.9071 	34.3 
38.5577 	44.9551 	5.0 
40.5850 	48.5281 	11.7 
38.9202 	49.0444 	0.0  
38.9007 	48.5329 	19.5 
38.2082 	49.0954 	40.6 
38.9453 	44.8893 	5.2 
38.5075 	45.0961 	10.0  
39.0939 	46.1060 	0.0 
41.6803 	47.7327 	0.0  
38.3495 	44.8607 	9.7 
41.7414 	49.1682 	68.0 
38.1408 	48.5843 	21.8 
38.7720 	46.7231 	0.0 
38.7613 	46.7338 	0.0 
41.5445 	46.3705 	0.0  
41.4011 	48.2525 	7.5 
38.5130 	45.1067 	9.8 
41.8958 	46.0200 	10.0 
41.5846 	47.0189 	10.3 
41.9025 	46.5074 	8.2 
41.0850 	49.3986 	43.6 
40.3689 	45.7018 	26.3 
40.5542 	46.6667 	15.4 
41.9700 	45.6000 	10.0 
40.6266 	46.2217 	13.5 
41.6667 	46.7833 	10.0 
41.9614 	46.9796 	0.0  
39.6616 	49.2611 	49.2 
39.3399 	48.2203 	42.6 
39.2502 	48.2059 	21.5 
39.3254 	48.2030 	53.3 
39.2786 	48.1960 	23.2 
40.5538 	46.5745 	10.3 
39.2806 	48.2122 	22.8 
39.6516 	48.4025 	44.0 
41.1578 	48.6282 	8.7 
39.2424 	48.1921 	20.5 
40.8400 	49.5224 	25.3 
38.3033 	46.8695 	0.0  
40.8440 	48.1654 	6.0 
40.7989 	48.1753 	8.5 
40.8186 	48.1905 	7.6 
40.8222 	48.1792 	7.2 
40.8228 	48.1797 	7.8 
38.1254 	49.0775 	15.7 
38.4473 	47.5845 	6.6 
38.7135 	48.5517 	22.0 
40.8251 	48.1975 	7.1 
38.3618 	48.1652 	11.6 
38.3013 	47.5027 	10.1 
38.3900 	47.6700 	25.0 
38.3139 	47.5041 	7.9 
38.3167 	47.4667 	10.0 
38.2167 	47.3667 	10.0 
39.2581 	48.1552 	20.6 
38.3057 	47.4651 	10.0 
38.3268 	47.4984 	11.8 
38.3182 	47.5026 	10.2 
38.8448 	48.6141 	25.1 
40.6037 	48.0014 	44.6 
40.8160 	48.2014 	7.7 
40.8414 	48.1452 	6.4 
40.7595 	48.1732 	0.0  
40.8362 	48.1838 	7.2 
38.8152 	49.3735 	21.4 
40.6210 	48.4994 	12.7 
40.8132 	48.1949 	7.5 
39.5761 	48.5544 	10.0 
38.4592 	45.0225 	5.0 
38.5000 	45.0667 	10.0 
40.8214 	48.2014 	7.4 
40.3780 	46.2576 	10.8 
38.5551 	45.6624 	15.7 
38.5415 	45.0194 	22.6 
41.7079 	48.8284 	0.0  
42.2210 	48.8888 	0.0  
41.4394 	46.4451 	25.5 
38.0092 	49.1864 	9.7 
38.4627 	44.9920 	5.0 
41.5817 	47.6614 	21.8 
38.7837 	45.1673 	30.6 
38.7578 	46.7317 	0.0 
39.3542 	48.1033 	25.7 
41.9315 	46.0887 	26.5 
38.3209 	47.5139 	10.0 
40.8319 	49.2460 	47.0 
41.9640 	46.6244 	10.0 
38.2972 	47.4226 	9.9 
38.8691 	48.5978 	14.8 
39.2529 	48.2239 	22.3 
38.3520 	46.6118 	0.0 
38.8498 	48.7399 	22.4 
38.3368 	47.2813 	9.8 
41.0270 	47.2228 	12.5 
40.9457 	46.8589 	19.4 
38.2965 	47.5284 	7.8 
41.0292 	46.9300 	0.0  
38.4730 	46.6088 	11.8 
41.8912 	46.1493 	23.9 
38.8012 	48.6195 	10.0 
39.0893 	46.1515 	0.0 
40.1682 	49.8845 	59.5 